8988981394090 8988.980098554
8989014683290 8989.013387754
8989047971790 8989.046676254
8989081263190 8989.079967654
8989114550790 8989.113255254
8989147840590 8989.146545054
8989181130990 8989.179835454
8989214419890 8989.213124354
8989247714190 8989.246418654
8989280998590 8989.279703054
8989314288390 8989.312992854
8989347584890 8989.346289354
8989380866790 8989.379571254
8989414155290 8989.412859754
8989447452990 8989.446157454
8989480733990 8989.479438454
8989514023090 8989.512727554
8989547317090 8989.546021554
8989580607390 8989.579311854
8989613891390 8989.612595854
8989647182090 8989.645886554
8989680473990 8989.679178454
8989713782090 8989.712486554
8989747049590 8989.745754054
8989780338190 8989.779042654
8989813648490 8989.812352954
8989846916890 8989.845621354
8989880206490 8989.878910954
8989913496990 8989.912201454
8989946789690 8989.945494154
8989980080190 8989.978784654
8990013364490 8990.012068954
8990046655490 8990.045359954
8990079948690 8990.078653154
8990113233490 8990.111937954
8990146521290 8990.145225754
8990179817390 8990.178521854
8990213100390 8990.211804854
8990246389490 8990.245093954
8990279683090 8990.278387554
8990312969690 8990.311674154
8990346257590 8990.344962054
8990379548490 8990.378252954
8990412838390 8990.411542854
8990446126290 8990.444830754
8990479416390 8990.478120854
8990512728090 8990.511432554
8990545994790 8990.544699254
8990579284890 8990.577989354
8990612572890 8990.611277354
8990645863390 8990.644567854
8990679152490 8990.677856954
8990712446490 8990.711150954
8990745731190 8990.744435654
8990779020590 8990.777725054
8990812314490 8990.811018954
8990845599190 8990.844303654
8990878889190 8990.877593654
8990912184190 8990.910888654
8990945467490 8990.944171954
8990978755890 8990.977460354
8991012049290 8991.010753754
8991045334590 8991.044039054
8991078623790 8991.077328254
8991111914290 8991.110618754
8991145223890 8991.143928354
8991178491890 8991.177196354
8991211782490 8991.210486954
8991245072190 8991.243776654
8991278361490 8991.277065954
8991311650190 8991.310354654
8991344938990 8991.343643454
8991378230390 8991.376934854
8991411517790 8991.410222254
8991444812190 8991.443516654
8991478100290 8991.476804754
8991511387090 8991.510091554
8991544680790 8991.543385254
8991577965990 8991.576670454
8991611255190 8991.609959654
8991644552190 8991.643256654
8991677833690 8991.676538154
8991711122390 8991.709826854
8991744420190 8991.743124654
8991777700690 8991.776405154
8991810990190 8991.809694654
8991844284290 8991.842988754
8991877569990 8991.876274454
8991910858690 8991.909563154
8991944148990 8991.942853454
8991977438790 8991.976143254
8992010744990 8992.009449454
8992044017290 8992.042721754
8992077305390 8992.076009854
8992110606590 8992.109311054
8992143884190 8992.142588654
8992177178490 8992.175882954
8992210463790 8992.209168254
8992243752590 8992.242457054
8992277047290 8992.275751754
8992310332190 8992.309036654
8992343622490 8992.342326954
8992376915890 8992.375620354
8992410200090 8992.408904554
8992443488890 8992.442193354
8992476815190 8992.475519654
8992510067490 8992.508771954
8992543356490 8992.542060954
8992576646990 8992.575351454
8992609937190 8992.608641654
8992643225090 8992.641929554
8992676515490 8992.675219954
8992709804590 8992.708509054
8992743093090 8992.741797554
8992776383090 8992.775087554
8992809701790 8992.808406254
8992842961890 8992.841666354
8992876251890 8992.874956354
8992909544590 8992.908249054
8992942830190 8992.941534654
8992976119790 8992.974824254
8993009413490 8993.008117954
8993042697590 8993.041402054
8993075988090 8993.074692554
8993109281990 8993.107986454
8993142566490 8993.141270954
8993175854690 8993.174559154
8993209151690 8993.207856154
8993242434090 8993.241138554
8993275723190 8993.274427654
8993309013690 8993.307718154
8993342301690 8993.341006154
8993375597190 8993.374301654
8993408881290 8993.407585754
8993442202790 8993.440907254
8993475458790 8993.474163254
8993508749790 8993.507454254
8993542067190 8993.540771654
8993575327890 8993.574032354
8993608617790 8993.607322254
8993641911190 8993.640615654
8993675200590 8993.673905054
8993708484590 8993.707189054
8993741783090 8993.740487554
8993775064690 8993.773769154
8993808353690 8993.807058154
8993841648290 8993.840352754
8993874932290 8993.873636754
8993908222190 8993.906926654
8993941519090 8993.940223554
8993974800890 8993.973505354
8994008089390 8994.006793854
8994041380490 8994.040084954
8994074667890 8994.073372354
8994107957590 8994.106662054
8994141247890 8994.139952354
8994174537090 8994.173241554
8994207825390 8994.206529854
8994241115990 8994.239820454
8994274405590 8994.273110054
8994307695990 8994.306400454
8994340983990 8994.339688454
8994374276990 8994.372981454
8994407562690 8994.406267154
8994440851390 8994.439555854
8994474146190 8994.472850654
8994507430890 8994.506135354
8994540721890 8994.539426354
8994574014690 8994.572719154
8994607299090 8994.606003554
8994640589290 8994.639293754
8994673880090 8994.672584554
8994707167190 8994.705871654
8994740455490 8994.739159954
8994773789290 8994.772493754
8994807034290 8994.805738754
8994840323790 8994.839028254
8994873614190 8994.872318654
8994906903090 8994.905607554
8994940191990 8994.938896454
8994973482190 8994.972186654
8995006772390 8995.005476854
8995040059490 8995.038763954
8995073350590 8995.072055054
8995106643690 8995.105348154
8995139929090 8995.138633554
8995173218390 8995.171922854
8995206512290 8995.205216754
8995239798990 8995.238503454
8995273086890 8995.271791354
8995306380890 8995.305085354
8995339665290 8995.338369754
8995372955890 8995.371660354
8995406249590 8995.404954054
8995439532890 8995.438237354
8995472821690 8995.471526154
8995506112090 8995.504816554
8995539401790 8995.538106254
8995572689590 8995.571394054
8995605980390 8995.604684854
8995639305290 8995.638009754
8995672557990 8995.671262454
8995705848690 8995.704553154
8995739146290 8995.737850754
8995772426290 8995.771130754
8995805716590 8995.804421054
8995839038590 8995.837743054
8995872295290 8995.870999754
8995905584990 8995.904289454
8995938878890 8995.937583354
8995972163690 8995.970868154
8996005452090 8996.004156554
8996038748590 8996.037453054
8996072031390 8996.070735854
8996105351290 8996.104055754
8996138612290 8996.137316754
8996171899390 8996.170603854
8996205189090 8996.203893554
8996238478690 8996.237183154
8996271767390 8996.270471854
8996305056190 8996.303760654
8996338347790 8996.337052254
8996371634890 8996.370339354
8996404931890 8996.403636354
8996438215090 8996.436919554
8996471505190 8996.470209654
8996504792490 8996.503496954
8996538082790 8996.536787254
8996571378890 8996.570083354
8996604661790 8996.603366254
8996637951190 8996.636655654
8996671245490 8996.669949954
8996704530290 8996.703234754
8996737818390 8996.736522854
8996771113490 8996.769817954
8996804398190 8996.803102654
8996837686990 8996.836391454
8996870981790 8996.869686254
8996904266090 8996.902970554
8996937556690 8996.936261154
8996970844090 8996.969548554
8997004133590 8997.002838054
8997037422690 8997.036127154
8997070742690 8997.069447154
8997104001290 8997.102705754
8997137290390 8997.135994854
8997170580790 8997.169285254
8997203870390 8997.202574854
8997237158690 8997.235863154
8997270448990 8997.269153454
8997303744790 8997.302449254
8997337027290 8997.335731754
8997370317390 8997.369021854
8997403612090 8997.402316554
8997436897290 8997.435601754
8997470185090 8997.468889554
8997503479790 8997.502184254
8997536764190 8997.535468654
8997570054890 8997.568759354
8997603348690 8997.602053154
8997636632190 8997.635336654
8997669922590 8997.668627054
8997703210290 8997.701914754
8997736499990 8997.735204454
8997769788490 8997.768492954
8997803078590 8997.801783054
8997836367990 8997.835072454
8997869656890 8997.868361354
8997902947290 8997.901651754
8997936262990 8997.934967454
8997969525290 8997.968229754
8998002815590 8998.001520054
8998036109690 8998.034814154
8998069393490 8998.068097954
8998102683590 8998.101388054
8998136006890 8998.134711354
8998169263990 8998.167968454
8998202551790 8998.201256254
8998235845990 8998.234550454
8998269131890 8998.267836354
8998302419090 8998.301123554
8998335714690 8998.334419154
8998368998790 8998.367703254
8998402315390 8998.401019854
8998435576590 8998.434281054
8998468866890 8998.467571354
8998502157290 8998.500861754
8998535445590 8998.534150054
8998568734890 8998.567439354
8998602023390 8998.600727854
8998635314790 8998.634019254
8998668602290 8998.667306754
8998701903290 8998.700607754
8998735181590 8998.733886054
8998768474890 8998.767179354
8998801759690 8998.800464154
8998835049590 8998.833754054
8998868345590 8998.867050054
8998901629090 8998.900333554
8998934917990 8998.933622454
8998968212190 8998.966916654
8999001497190 8999.000201654
8999034784990 8999.033489454
8999068080590 8999.066785054
8999101364690 8999.100069154
8999134653990 8999.133358454
8999167942590 8999.166647054
8999201233090 8999.199937554
8999234527090 8999.233231554
8999267838990 8999.266543454
8999301100790 8999.299805254
8999334389490 8999.333093954
8999367692290 8999.366396754
8999400968590 8999.399673054
8999434257190 8999.432961654
8999467547990 8999.466252454
8999500842390 8999.499546854
8999534125890 8999.532830354
8999567416290 8999.566120754
8999600713190 8999.599417654
8999633994190 8999.632698654
8999667284390 8999.665988854
8999700578990 8999.699283454
8999733863190 8999.732567654
8999767151190 8999.765855654
8999800446790 8999.799151254
8999833734590 8999.832439054
8999867021490 8999.865725954
8999900309090 8999.899013554
8999933599090 8999.932303554
8999966889990 8999.965594454
9000000177190 8999.998881654
9000033467090 9000.032171554
9000066755990 9000.065460454
9000100045890 9000.098750354
9000133335890 9000.132040354
9000166624190 9000.165328654
9000199914590 9000.198619054
9000233207090 9000.231911554
9000266492190 9000.265196654
9000299782190 9000.298486654
9000333078290 9000.331782754
9000366359790 9000.365064254
9000399650690 9000.398355154
9000432946490 9000.431650954
9000466229490 9000.464933954
9000499518990 9000.498223454
9000532813290 9000.531517754
9000566096990 9000.564801454
9000599422490 9000.598126954
9000632675690 9000.631380154
9000665965690 9000.664670154
9000699275490 9000.697979954
9000732543390 9000.731247854
9000765833290 9000.764537754
9000799123390 9000.797827854
9000832412590 9000.831117054
9000865702090 9000.864406554
9000898990090 9000.897694554
9000932281690 9000.930986154
9000965572190 9000.964276654
9000998858290 9000.997562754
9001032148690 9001.030853154
9001065443790 9001.064148254
9001098726590 9001.097431054
9001132017090 9001.130721554
9001165312890 9001.164017354
9001198596590 9001.197301054
9001231884790 9001.230589254
9001265179190 9001.263883654
9001298464890 9001.297169354
9001331751790 9001.330456254
9001365041490 9001.363745954
9001398332090 9001.397036554
9001431621390 9001.430325854
9001464909490 9001.463613954
9001498200390 9001.496904854
9001531489490 9001.530193954
9001564800990 9001.563505454
9001598067790 9001.596772254
9001631356190 9001.630060654
9001664650190 9001.663354654
9001697938090 9001.696642554
9001731228290 9001.729932754
9001764514690 9001.763219154
9001797810690 9001.796515154
9001831092790 9001.829797254
9001864382890 9001.863087354
9001897679990 9001.896384454
9001930961090 9001.929665554
9001964251390 9001.962955854
9001997546090 9001.996250554
9002030861190 9002.029565654
9002064118690 9002.062823154
9002097407990 9002.096112454
9002130698390 9002.129402854
9002163988890 9002.162693354
9002197275790 9002.195980254
9002230566390 9002.229270854
9002263855890 9002.262560354
9002297144190 9002.295848654
9002330434290 9002.329138754
9002363723690 9002.362428154
9002397013090 9002.395717554
9002430305790 9002.429010254
