8324825059390 8324.823184391
8324858352890 8324.856477891
8324891638690 8324.889763691
8324924927690 8324.923052691
8324958214690 8324.956339691
8324991505290 8324.989630291
8325024793890 8325.022918891
8325058083790 8325.056208791
8325091373990 8325.089498991
8325124661790 8325.122786791
8325157952690 8325.156077691
8325191263490 8325.189388491
8325224529890 8325.222654891
8325257820790 8325.255945791
8325291127590 8325.289252591
8325324398290 8325.322523291
8325357688790 8325.355813791
8325391012090 8325.389137091
8325424267490 8325.422392491
8325457556490 8325.455681491
8325490850590 8325.488975591
8325524135890 8325.522260891
8325557423690 8325.555548691
8325590719590 8325.588844591
8325624003690 8325.622128691
8325657325790 8325.655450791
8325690580890 8325.688705891
8325723871690 8325.721996691
8325757161390 8325.755286391
8325790452490 8325.788577491
8325823740190 8325.821865191
8325857028090 8325.855153091
8325890319690 8325.888444691
8325923606690 8325.921731691
8325956896490 8325.955021491
8325990187190 8325.988312191
8326023476290 8326.021601291
8326056764590 8326.054889591
8326090054890 8326.088179891
8326123353690 8326.121478691
8326156633390 8326.154758391
8326189922390 8326.188047391
8326223217190 8326.221342191
8326256502290 8326.254627291
8326289789990 8326.287914991
8326323085690 8326.321210691
8326356371590 8326.354496591
8326389660190 8326.387785191
8326422947490 8326.421072491
8326456238090 8326.454363091
8326489528590 8326.487653591
8326522815790 8326.520940791
8326556106190 8326.554231191
8326589394590 8326.587519591
8326622714390 8326.620839391
8326655973390 8326.654098391
8326689262590 8326.687387591
8326722553290 8326.720678291
8326755843690 8326.753968691
8326789130690 8326.787255691
8326822421490 8326.820546491
8326855717990 8326.853842991
8326888998590 8326.887123591
8326922289190 8326.920414191
8326955583690 8326.953708691
8326988868090 8326.986993091
8327022156990 8327.020281991
8327055452290 8327.053577291
8327088736490 8327.086861491
8327122025990 8327.120150991
8327155313990 8327.153438991
8327188604590 8327.186729591
8327221894690 8327.220019691
8327255181990 8327.253306991
8327288472290 8327.286597291
8327321761090 8327.319886091
8327355051090 8327.353176091
8327388340490 8327.386465491
8327421628890 8327.419753891
8327454919090 8327.453044091
8327488221690 8327.486346691
8327521497390 8327.519622391
8327554787490 8327.552912491
8327588082890 8327.586207891
8327621365090 8327.619490091
8327654655690 8327.652780691
8327687979690 8327.686104691
8327721233990 8327.719358991
8327754523490 8327.752648491
8327787818390 8327.785943391
8327821102690 8327.819227691
8327854391490 8327.852516491
8327887679990 8327.885804991
8327920970390 8327.919095391
8327954282890 8327.952407891
8327987547990 8327.985672991
8328020841990 8328.018966991
8328054128690 8328.052253691
8328087417490 8328.085542491
8328120707090 8328.118832091
8328153994990 8328.152119991
8328187287090 8328.185412091
8328220573990 8328.218698991
8328253863390 8328.251988391
8328287153890 8328.285278891
8328320450390 8328.318575391
8328353731490 8328.351856491
8328387022290 8328.385147291
8328420321190 8328.418446191
8328453601090 8328.451726091
8328486890190 8328.485015191
8328520184490 8328.518309491
8328553469690 8328.551594691
8328586757090 8328.584882091
8328620046490 8328.618171491
8328653337090 8328.651462091
8328686626190 8328.684751191
8328719914490 8328.718039491
8328753205490 8328.751330491
8328786495590 8328.784620591
8328819811890 8328.817936891
8328853073190 8328.851198191
8328886361990 8328.884486991
8328919667190 8328.917792191
8328952940890 8328.951065891
8328986229790 8328.984354791
8329019520290 8329.017645291
8329052815490 8329.050940491
8329086098090 8329.084223091
8329119388290 8329.117513291
8329152711490 8329.150836491
8329185965990 8329.184090991
8329219256590 8329.217381591
8329252551090 8329.250676091
8329285868690 8329.283993691
8329319123290 8329.317248291
8329352416590 8329.350541591
8329385703490 8329.383828491
8329418996390 8329.417121391
8329452281290 8329.450406291
8329485571490 8329.483696491
8329518861490 8329.516986491
8329552148890 8329.550273891
8329585439590 8329.583564591
8329618727890 8329.616852891
8329652018090 8329.650143091
8329685307790 8329.683432791
8329718596090 8329.716721091
8329751886590 8329.750011591
8329785181290 8329.783306291
8329818464290 8329.816589291
8329851754490 8329.849879491
8329885050490 8329.883175491
8329918332290 8329.916457291
8329951622590 8329.949747591
8329984948390 8329.983073391
8330018201390 8330.016326391
8330051491390 8330.049616391
8330084778990 8330.082903991
8330118069990 8330.116194991
8330151357690 8330.149482691
8330184647390 8330.182772391
8330217937890 8330.216062891
8330251252890 8330.249377891
8330284515390 8330.282640391
8330317806290 8330.315931291
8330351095790 8330.349220791
8330384385090 8330.382510091
8330417674290 8330.415799291
8330450962190 8330.449087191
8330484256190 8330.482381191
8330517546090 8330.515671091
8330550830390 8330.548955391
8330584120790 8330.582245791
8330617415490 8330.615540491
8330650698390 8330.648823391
8330683992590 8330.682117591
8330717284790 8330.715409791
8330750568190 8330.748693191
8330783857090 8330.781982091
8330817148990 8330.815273991
8330850436990 8330.848561991
8330883724290 8330.881849291
8330917013890 8330.915138891
8330950304390 8330.948429391
8330983593190 8330.981718191
8331016881790 8331.015006791
8331050172490 8331.048297491
8331083461990 8331.081586991
8331116754090 8331.114879091
8331150039890 8331.148164891
8331183328690 8331.181453691
8331216619690 8331.214744691
8331249912290 8331.248037291
8331283196590 8331.281321591
8331316487290 8331.314612291
8331349782790 8331.347907791
8331383064790 8331.381189791
8331416355090 8331.414480091
8331449653090 8331.447778091
8331482932590 8331.481057591
8331516223690 8331.514348691
8331549515190 8331.547640191
8331582828990 8331.580953991
8331616090790 8331.614215791
8331649379790 8331.647504791
8331682670190 8331.680795191
8331715959990 8331.714084991
8331749247890 8331.747372891
8331782538990 8331.780663991
8331815828690 8331.813953691
8331849115790 8331.847240791
8331882405990 8331.880530991
8331915694990 8331.913819991
8331948985390 8331.947110391
8331982278890 8331.980403891
8332015563090 8332.013688091
8332048853490 8332.046978491
8332082149990 8332.080274991
8332115431090 8332.113556091
8332148721390 8332.146846391
8332182017190 8332.180142191
8332215299190 8332.213424191
8332248589490 8332.246714491
8332281885790 8332.280010791
8332315168690 8332.313293691
8332348458190 8332.346583191
8332381746290 8332.379871291
8332415036890 8332.413161891
8332448346390 8332.446471391
8332481614290 8332.479739291
8332514904990 8332.513029991
8332548202290 8332.546327291
8332581485390 8332.579610391
8332614772690 8332.612897691
8332648062290 8332.646187291
8332681351890 8332.679476891
8332714645290 8332.712770291
8332747929090 8332.746054091
8332781219790 8332.779344791
8332814514090 8332.812639091
8332847797790 8332.845922791
8332881088190 8332.879213191
8332914414890 8332.912539891
8332947665390 8332.945790391
8332980956090 8332.979081091
8333014252390 8333.012377391
8333047535390 8333.045660391
8333080823890 8333.078948891
8333114112690 8333.112237691
8333147403890 8333.145528891
8333180691390 8333.178816391
8333213980590 8333.212105591
8333247271090 8333.245396091
8333280560490 8333.278685491
8333313848390 8333.311973391
8333347141490 8333.345266491
8333380428890 8333.378553891
8333413717990 8333.411842991
8333447011490 8333.445136491
8333480295990 8333.478420991
8333513586690 8333.511711691
8333546879990 8333.545004991
8333580163790 8333.578288791
8333613453890 8333.611578891
8333646749890 8333.644874891
8333680032090 8333.678157091
8333713322390 8333.711447391
8333746619790 8333.744744791
8333779899990 8333.778024991
8333813189690 8333.811314691
8333846478990 8333.844603991
8333879799790 8333.877924791
8333913057590 8333.911182591
8333946347090 8333.944472091
8333979637390 8333.977762391
8334012927790 8334.011052791
8334046215290 8334.044340291
8334079505590 8334.077630591
8334112794590 8334.110919591
8334146082490 8334.144207491
8334179378090 8334.177503091
8334212661990 8334.210786991
8334245951990 8334.244076991
8334279246490 8334.277371491
8334312530290 8334.310655291
8334345820690 8334.343945691
8334379117490 8334.377242491
8334412397890 8334.410522891
8334445688490 8334.443813491
8334478988690 8334.477113691
8334512266090 8334.510391091
8334545556390 8334.543681391
8334578845190 8334.576970191
8334612136990 8334.610261991
8334645425390 8334.643550391
8334678713390 8334.676838391
8334712003390 8334.710128391
8334745293890 8334.743418891
8334778581390 8334.776706391
8334811871790 8334.809996791
8334845161090 8334.843286091
8334878449290 8334.876574291
8334911743590 8334.909868591
8334945028190 8334.943153191
8334978318590 8334.976443591
8335011612890 8335.009737891
8335044895990 8335.043020991
8335078186890 8335.076311891
8335111481290 8335.109606291
8335144763790 8335.142888791
8335178054690 8335.176179691
8335211387290 8335.209512291
8335244632690 8335.242757691
8335277923090 8335.276048091
8335311212390 8335.309337391
8335344501690 8335.342626691
8335377790990 8335.375915991
8335411079590 8335.409204591
8335444370590 8335.442495591
8335477658490 8335.475783491
8335510947590 8335.509072591
8335544237790 8335.542362791
8335577527190 8335.575652191
8335610815490 8335.608940491
8335644110690 8335.642235691
8335677395090 8335.675520091
8335710685690 8335.708810691
8335743979990 8335.742104991
8335777262390 8335.775387391
8335810553890 8335.808678891
8335843846890 8335.841971891
8335877130490 8335.875255491
8335910420990 8335.908545991
8335943717790 8335.941842791
8335976998790 8335.975123791
8336010288890 8336.008413891
8336043580190 8336.041705191
8336076886690 8336.075011691
8336110157490 8336.108282491
8336143445690 8336.141570691
8336176743190 8336.174868191
8336210024890 8336.208149891
8336243314490 8336.241439491
8336276604090 8336.274729091
8336309893690 8336.308018691
8336343181790 8336.341306791
8336376490090 8336.374615091
8336409762690 8336.407887691
8336443049590 8336.441174591
8336476346290 8336.474471291
8336509628990 8336.507753991
8336542975690 8336.541100691
8336576213390 8336.574338391
8336609496590 8336.607621591
8336642787890 8336.640912891
8336676083090 8336.674208091
8336709364890 8336.707489891
8336742655790 8336.740780791
8336775945990 8336.774070991
8336809233490 8336.807358491
8336842523390 8336.840648391
8336875812190 8336.873937191
8336909102190 8336.907227191
8336942391790 8336.940516791
8336975680190 8336.973805191
8337008970390 8337.007095391
8337042260390 8337.040385391
8337075548290 8337.073673291
8337108842690 8337.106967691
8337142128490 8337.140253491
8337175416190 8337.173541191
8337208712390 8337.206837391
8337241995390 8337.240120391
8337275285290 8337.273410291
8337308580990 8337.306705991
8337341863390 8337.339988391
8337375153690 8337.373278691
8337408470590 8337.406595591
8337441731490 8337.439856491
8337475022090 8337.473147091
8337508340190 8337.506465191
8337541599590 8337.539724591
8337574889390 8337.573014391
8337608179490 8337.606304491
8337641468590 8337.639593591
8337674757790 8337.672882791
8337708046990 8337.706171991
8337741336890 8337.739461891
8337774625290 8337.772750291
8337807914490 8337.806039491
8337841208790 8337.839333791
8337874495390 8337.872620391
8337907782190 8337.905907191
8337941080290 8337.939205291
8337974363190 8337.972488191
8338007652990 8338.005777991
8338040946590 8338.039071591
8338074229590 8338.072354591
8338107520690 8338.105645691
8338140814690 8338.138939691
8338174099390 8338.172224391
8338207388090 8338.205513091
8338240676990 8338.238801991
8338273981190 8338.272106191
8338307255490 8338.305380491
8338340545790 8338.338670791
8338373841790 8338.371966791
8338407124290 8338.405249291
8338440412690 8338.438537691
8338473702790 8338.471827791
8338506991290 8338.505116291
8338540280990 8338.538405991
8338573574690 8338.571699691
8338606860490 8338.604985491
8338640149090 8338.638274091
8338673444990 8338.671569991
8338706729390 8338.704854391
8338740016590 8338.738141591
8338773312890 8338.771437891
8338806595790 8338.804720791
8338839927290 8338.838052291
8338873181090 8338.871306091
8338906463790 8338.904588791
8338939754390 8338.937879391
8338973044090 8338.971169091
8339006332490 8339.004457491
8339039631490 8339.037756491
8339072912790 8339.071037791
8339106200390 8339.104325391
8339139490290 8339.137615291
8339172778890 8339.170903891
8339206069490 8339.204194491
8339239358790 8339.237483791
8339272647290 8339.270772291
8339305941090 8339.304066091
8339339227190 8339.337352191
8339372515290 8339.370640291
8339405811190 8339.403936191
8339439095790 8339.437220791
8339472383690 8339.470508691
8339505679290 8339.503804291
8339538967390 8339.537092391
8339572252090 8339.570377091
8339605548290 8339.603673291
8339638830090 8339.636955091
8339672120890 8339.670245891
8339705435590 8339.703560591
8339738698190 8339.736823191
8339771988990 8339.770113991
8339805286290 8339.803411291
8339838566890 8339.836691891
8339871856690 8339.869981691
8339905146690 8339.903271691
8339938435590 8339.936560591
8339971725290 8339.969850291
8340005013490 8340.003138491
8340038308490 8340.036433491
8340071592290 8340.069717291
8340104881090 8340.103006091
8340138177590 8340.136302591
8340171494990 8340.169619991
8340204749690 8340.202874691
8340238045890 8340.236170891
8340271329390 8340.269454391
8340304618590 8340.302743591
8340337914290 8340.336039291
8340371196590 8340.369321591
8340404487890 8340.402612891
8340437775790 8340.435900791
8340471064690 8340.469189691
8340504355090 8340.502480091
8340537644590 8340.535769591
8340570932790 8340.569057791
8340604222690 8340.602347691
8340637512590 8340.635637591
8340670801890 8340.668926891
8340704091390 8340.702216391
8340737380090 8340.735505091
8340770674490 8340.768799491
8340803958290 8340.802083291
8340837247990 8340.835372991
8340870543890 8340.868668891
8340903827290 8340.901952291
8340937115890 8340.935240891
8340970411890 8340.968536891
8341003696890 8341.001821891
8341036983890 8341.035108891
8341070280190 8341.068405191
8341103562890 8341.101687891
8341136878390 8341.135003391
8341170141190 8341.168266191
8341203430890 8341.201555891
8341236721290 8341.234846291
8341270010790 8341.268135791
8341303298990 8341.301423991
8341336591490 8341.334716491
8341369879890 8341.368004891
8341403167290 8341.401292291
8341436457090 8341.434582091
8341469746190 8341.467871191
8341503039790 8341.501164791
8341536325690 8341.534450691
8341569614190 8341.567739191
8341602910190 8341.601035191
8341636195090 8341.634320091
8341669482090 8341.667607091
8341702781890 8341.700906891
8341736061590 8341.734186591
8341769350290 8341.767475291
8341802646590 8341.800771591
8341835930690 8341.834055691
8341869219190 8341.867344191
8341902509090 8341.900634091
8341935797090 8341.933922091
8341969087390 8341.967212391
8342002379290 8342.000504291
8342035665590 8342.033790591
8342068956090 8342.067081091
8342102245090 8342.100370091
8342135533390 8342.133658391
8342168823490 8342.166948491
8342202113290 8342.200238291
8342235408290 8342.233533291
8342268692490 8342.266817491
8342301980390 8342.300105391
8342335277190 8342.333402191
8342368558590 8342.366683591
8342401848390 8342.399973391
8342435144490 8342.433269491
8342468455090 8342.466580091
8342501716290 8342.499841291
8342535012990 8342.533137991
8342568298490 8342.566423491
8342601585690 8342.599710691
8342634875290 8342.633000291
8342668163390 8342.666288391
8342701454990 8342.699579991
8342734742390 8342.732867391
8342768031490 8342.766156491
8342801322390 8342.799447391
8342834611190 8342.832736191
8342867899790 8342.866024791
8342901190190 8342.899315191
8342934479590 8342.932604591
8342967775690 8342.965900691
8343001057990 8342.999182991
8343034346490 8343.032471491
8343067644590 8343.065769591
8343100925090 8343.099050091
8343134214690 8343.132339691
8343167511290 8343.165636291
8343200794590 8343.198919591
8343234082990 8343.232207991
8343267379590 8343.265504591
8343300664190 8343.298789191
8343333973190 8343.332098191
8343367241690 8343.365366691
8343400529590 8343.398654591
8343433828990 8343.431953991
8343467108590 8343.465233591
8343500397690 8343.498522691
8343533688390 8343.531813391
8343566978490 8343.565103491
8343600269590 8343.598394591
8343633556190 8343.631681191
8343666846690 8343.664971691
8343700136990 8343.698261991
8343733424890 8343.731549891
8343766713990 8343.764838991
8343800040090 8343.798165091
8343833291690 8343.831416691
8343866581590 8343.864706591
8343899877290 8343.898002291
8343933162390 8343.931287391
8343966449190 8343.964574191
8343999745890 8343.997870891
8344033031290 8344.031156291
8344066317190 8344.064442191
8344099607190 8344.097732191
8344132911690 8344.131036691
8344166186390 8344.164311391
8344199475890 8344.197600891
8344232764290 8344.230889291
8344266054190 8344.264179191
8344299344290 8344.297469291
8344332631990 8344.330756991
8344365922490 8344.364047491
8344399212790 8344.397337791
8344432503090 8344.430628091
8344465790790 8344.463915791
8344499079990 8344.497204991
8344532375990 8344.530500991
8344565659390 8344.563784391
8344598947590 8344.597072591
8344632243590 8344.630368591
8344665525890 8344.663650891
8344698815590 8344.696940591
8344732132990 8344.730257991
8344765425590 8344.763550591
8344798683290 8344.796808291
8344831973490 8344.830098491
8344865263290 8344.863388291
8344898552890 8344.896677891
8344931841990 8344.929966991
8344965130890 8344.963255891
8344998420890 8344.996545891
8345031709490 8345.029834491
8345064998490 8345.063123491
8345098288990 8345.096413991
8345131578290 8345.129703291
8345164869290 8345.162994291
8345198156890 8345.196281891
8345231446690 8345.229571691
8345264745390 8345.262870391
8345298025590 8345.296150591
8345331313990 8345.329438991
8345364610990 8345.362735991
8345397892290 8345.396017291
8345431181690 8345.429306691
8345464478590 8345.462603591
8345497776990 8345.495901991
8345531049590 8345.529174591
8345564339690 8345.562464691
8345597630390 8345.595755391
8345630924290 8345.629049291
8345664208190 8345.662333191
8345697496890 8345.695621891
8345730786190 8345.728911191
8345764075590 8345.762200591
8345797365090 8345.795490091
8345830655290 8345.828780291
8345863944590 8345.862069591
8345897236190 8345.895361191
8345930522990 8345.928647991
8345963813990 8345.961938991
8345997106290 8345.995231291
8346030391790 8346.028516791
8346063679690 8346.061804691
8346097004490 8346.095129491
8346130258590 8346.128383591
8346163547690 8346.161672691
8346196844690 8346.194969691
8346230127490 8346.228252491
8346263416390 8346.261541391
8346296706190 8346.294831191
8346329996790 8346.328121791
8346363283890 8346.361408891
8346396573990 8346.394698991
8346429862690 8346.427987691
8346463153690 8346.461278691
8346496442190 8346.494567191
8346529731390 8346.527856391
8346563021390 8346.561146391
8346596311290 8346.594436291
8346629620690 8346.627745691
8346662889490 8346.661014491
8346696179790 8346.694304791
8346729472990 8346.727597991
8346762757590 8346.760882591
8346796046990 8346.794171991
8346829342190 8346.827467191
8346862626490 8346.860751491
8346895914590 8346.894039591
8346929211290 8346.927336291
8346962516990 8346.960641991
8346995782290 8346.993907291
8347029072990 8347.027197991
8347062381590 8347.060506591
8347095650690 8347.093775691
8347128940490 8347.127065491
8347162249690 8347.160374691
8347195519290 8347.193644291
8347228809490 8347.226934491
8347262097390 8347.260222391
8347295387690 8347.293512691
8347328676090 8347.326801091
8347361967790 8347.360092791
8347395257990 8347.393382991
8347428584290 8347.426709291
8347461839290 8347.459964291
8347495124090 8347.493249091
8347528414490 8347.526539491
8347561709590 8347.559834591
8347594992090 8347.593117091
8347628280590 8347.626405591
8347661578390 8347.659703391
8347694859590 8347.692984591
8347728148690 8347.726273691
8347761439290 8347.759564291
8347794728390 8347.792853391
8347828016790 8347.826141791
8347861306790 8347.859431791
8347894596490 8347.892721491
8347927886190 8347.926011191
8347961175290 8347.959300291
8347994463590 8347.992588591
8348027754890 8348.025879891
8348061042590 8348.059167591
8348094333690 8348.092458691
8348127621990 8348.125746991
8348160910990 8348.159035991
8348194206290 8348.192331291
8348227490190 8348.225615191
8348260780990 8348.258905991
8348294073790 8348.292198791
8348327358790 8348.325483791
8348360646490 8348.358771491
8348393968890 8348.392093891
8348427225690 8348.425350691
8348460514690 8348.458639691
8348493805690 8348.491930691
8348527113190 8348.525238191
8348560383190 8348.558508191
8348593673990 8348.591798991
8348626963590 8348.625088591
8348660251390 8348.658376391
8348693541290 8348.691666291
8348726829790 8348.724954791
8348760120290 8348.758245291
8348793409390 8348.791534391
8348826700190 8348.824825191
8348859988790 8348.858113791
8348893278990 8348.891403991
8348926571790 8348.924696791
8348959856890 8348.957981891
8348993146990 8348.991271991
8349026440390 8349.024565391
8349059724890 8349.057849891
8349093012790 8349.091137791
8349126309390 8349.124434391
8349159593290 8349.157718291
8349192881090 8349.191006091
8349226171890 8349.224296891
8349259469490 8349.257594491
8349292749890 8349.290874891
8349326039490 8349.324164491
8349359328990 8349.357453991
8349392617090 8349.390742091
8349425907690 8349.424032691
8349459197490 8349.457322491
8349492486390 8349.490611391
8349525776490 8349.523901491
8349559066290 8349.557191291
8349592355090 8349.590480091
8349625643490 8349.623768491
8349658938190 8349.657063191
8349692224390 8349.690349391
8349725536690 8349.723661691
8349758834190 8349.756959191
8349792091090 8349.790216091
8349825380390 8349.823505391
8349858676590 8349.856801591
8349891959090 8349.890084091
8349925247390 8349.923372391
8349958538790 8349.956663791
8349991826490 8349.989951491
8350025115490 8350.023240491
8350058405890 8350.056530891
8350091694590 8350.089819591
8350124983290 8350.123108291
8350158273890 8350.156398891
8350191563490 8350.189688491
8350224853990 8350.222978991
8350258142090 8350.256267091
8350291432390 8350.289557391
8350324722090 8350.322847091
8350358009490 8350.356134491
8350391304190 8350.389429191
8350424607990 8350.422732991
8350457878490 8350.456003491
8350491172690 8350.489297691
8350524457090 8350.522582091
8350557747590 8350.555872591
8350591063590 8350.589188591
8350624325390 8350.622450391
8350657613690 8350.655738691
8350690919790 8350.689044791
8350724192590 8350.722317591
8350757481790 8350.755606791
8350790772190 8350.788897191
8350824060790 8350.822185791
8350857350190 8350.855475191
8350890640490 8350.888765491
8350923930490 8350.922055491
8350957218190 8350.955343191
8350990508290 8350.988633291
8351023799390 8351.021924391
8351057119790 8351.055244791
8351090376390 8351.088501391
8351123670890 8351.121795891
8351156955590 8351.155080591
8351190254790 8351.188379791
8351223538690 8351.221663691
8351256823690 8351.254948691
8351290112890 8351.288237891
8351323408190 8351.321533191
8351356691490 8351.354816491
8351389981390 8351.388106391
8351423270490 8351.421395491
8351456559990 8351.454684991
8351489848390 8351.487973391
8351523138690 8351.521263691
8351556427590 8351.554552591
8351589716290 8351.587841291
8351623006990 8351.621131991
8351656296590 8351.654421591
8351689584190 8351.687709191
8351722874690 8351.720999691
8351756194590 8351.754319591
8351789453490 8351.787578491
8351822742790 8351.820867791
8351856036990 8351.854161991
8351889321890 8351.887446891
8351922610390 8351.920735391
8351955905090 8351.954030091
8351989190390 8351.987315391
8352022512090 8352.020637091
8352055773390 8352.053898391
8352089058090 8352.087183091
8352122347490 8352.120472491
8352155636590 8352.153761591
8352188926290 8352.187051291
8352222214490 8352.220339491
8352255506290 8352.253631291
8352288793090 8352.286918091
8352322097790 8352.320222791
8352355372590 8352.353497591
8352388661790 8352.386786791
8352421950690 8352.420075691
8352455241390 8352.453366391
8352488532490 8352.486657491
8352521820790 8352.519945791
8352555108590 8352.553233591
8352588403390 8352.586528391
8352621689090 8352.619814091
8352654976290 8352.653101291
8352688271890 8352.686396891
8352721555790 8352.719680791
8352754845490 8352.752970491
8352788139790 8352.786264791
8352821424690 8352.819549691
8352854713990 8352.852838991
8352888024590 8352.886149591
8352921292490 8352.919417491
8352954580590 8352.952705591
8352987873290 8352.985998291
8353021159490 8353.019284491
8353054448890 8353.052573891
8353087738990 8353.085863991
8353121029690 8353.119154691
8353154316990 8353.152441991
8353187607190 8353.185732191
8353220899290 8353.219024291
8353254185190 8353.252310191
8353287475790 8353.285600791
8353320799590 8353.318924591
8353354104890 8353.352229891
8353387342990 8353.385467991
8353420637990 8353.418762991
8353453922290 8353.452047291
8353487211790 8353.485336791
8353520506090 8353.518631091
8353553789890 8353.551914891
8353587080790 8353.585205791
8353620368490 8353.618493491
8353653658690 8353.651783691
8353686946990 8353.685071991
8353720237590 8353.718362591
8353753527390 8353.751652391
8353786815190 8353.784940191
8353820105790 8353.818230791
8353853394590 8353.851519591
8353886683590 8353.884808591
8353919973890 8353.918098891
8353953265490 8353.951390491
8353986551390 8353.984676391
8354019841990 8354.017966991
8354053165690 8354.051290691
8354086420490 8354.084545491
8354119709990 8354.117834991
8354153004290 8354.151129291
8354186288890 8354.184413891
8354219625490 8354.217750491
8354252873090 8354.250998091
8354286158690 8354.284283691
8354319468490 8354.317593491
8354352733990 8354.350858991
8354386024590 8354.384149591
8354419314390 8354.417439391
8354452603690 8354.450728691
8354485893190 8354.484018191
8354519181490 8354.517306491
8354552471690 8354.550596691
8354585760190 8354.583885191
8354619049490 8354.617174491
8354652339790 8354.650464791
8354685630190 8354.683755191
8354718917590 8354.717042591
8354752208290 8354.750333291
8354785503790 8354.783628791
8354818787690 8354.816912691
8354852076190 8354.850201191
8354885371190 8354.883496191
8354918655790 8354.916780791
8354951942990 8354.950067991
8354985238690 8354.983363691
8355018523590 8355.016648591
8355051813490 8355.049938491
8355085100790 8355.083225791
8355118390990 8355.116515991
8355151681490 8355.149806491
8355184970290 8355.183095291
8355218259690 8355.216384691
8355251548090 8355.249673091
8355284838190 8355.282963191
8355318126690 8355.316251691
8355351415890 8355.349540891
8355384706290 8355.382831291
8355417997790 8355.416122791
8355451283790 8355.449408791
8355484574390 8355.482699391
8355517870390 8355.515995391
8355551151790 8355.549276791
8355584442390 8355.582567391
8355617736990 8355.615861991
8355651045890 8355.649170891
8355684309690 8355.682434691
8355717605190 8355.715730191
8355750889290 8355.749014291
8355784178790 8355.782303791
8355817466990 8355.815591991
8355850757390 8355.848882391
8355884047390 8355.882172391
8355917335190 8355.915460191
8355950625590 8355.948750591
8355983913990 8355.982038991
8356017204390 8356.015329391
8356050493890 8356.048618891
8356083782190 8356.081907191
8356117075390 8356.115200391
8356150364290 8356.148489291
8356183649890 8356.181774891
8356216940890 8356.215065891
8356250236990 8356.248361991
8356283518390 8356.281643391
8356316808590 8356.314933591
8356350132690 8356.348257691
8356383387290 8356.381512291
8356416676990 8356.414801991
8356449971690 8356.448096691
8356483256890 8356.481381891
8356516565990 8356.514690991
8356549833190 8356.547958191
8356583123190 8356.581248191
8356616426890 8356.614551891
8356649701690 8356.647826691
8356682991790 8356.681116791
8356716281590 8356.714406591
8356749570990 8356.747695991
8356782859990 8356.780984991
8356816148290 8356.814273291
8356849438990 8356.847563991
8356882736990 8356.880861991
8356916016190 8356.914141191
8356949306790 8356.947431791
8356982636490 8356.980761491
8357015884190 8357.014009191
8357049175090 8357.047300091
8357082471790 8357.080596791
8357115757190 8357.113882191
8357149043290 8357.147168291
8357182338190 8357.180463191
8357215622390 8357.213747391
8357248910290 8357.247035291
8357282199790 8357.280324791
8357315489590 8357.313614591
8357348778990 8357.346903991
8357382067590 8357.380192591
8357415357790 8357.413482791
8357448647590 8357.446772591
8357481937290 8357.480062291
8357515226190 8357.513351191
8357548514290 8357.546639291
8357581805690 8357.579930691
8357615093990 8357.613218991
8357648382790 8357.646507791
8357681673090 8357.679798091
8357714968590 8357.713093591
8357748250890 8357.746375891
8357781541190 8357.779666191
8357814837390 8357.812962391
8357848119190 8357.846244191
8357881409190 8357.879534191
8357914704190 8357.912829191
8357948016690 8357.946141691
8357981276790 8357.979401791
8358014575490 8358.012700491
8358047855890 8358.045980891
8358081145690 8358.079270691
8358114433790 8358.112558791
8358147724090 8358.145849091
8358181014790 8358.179139791
8358214302090 8358.212427091
8358247592490 8358.245717491
8358280881090 8358.279006091
8358314171190 8358.312296191
8358347460290 8358.345585291
8358380748990 8358.378873991
8358414039390 8358.412164391
8358447335690 8358.445460691
8358480617090 8358.478742091
8358513907490 8358.512032491
8358547232290 8358.545357291
8358580485290 8358.578610291
8358613775490 8358.611900491
8358647102190 8358.645227191
8358680354290 8358.678479291
8358713643390 8358.711768391
8358746932690 8358.745057691
8358780222890 8358.778347891
8358813518490 8358.811643491
8358846800290 8358.844925291
8358880090190 8358.878215191
8358913380390 8358.911505391
8358946668490 8358.944793491
8358979959290 8358.978084291
8359013248690 8359.011373691
8359046537290 8359.044662291
8359079827490 8359.077952491
8359113115190 8359.111240191
8359146405490 8359.144530491
8359179699590 8359.177824591
8359212983490 8359.211108491
8359246273990 8359.244398991
8359279618290 8359.277743291
8359312851790 8359.310976791
8359346141590 8359.344266591
8359379468290 8359.377593291
8359412720690 8359.410845691
8359446009590 8359.444134591
8359479298390 8359.477423391
8359512589290 8359.510714291
8359545877490 8359.544002491
8359579166490 8359.577291491
8359612455990 8359.610580991
8359645746190 8359.643871191
8359679034690 8359.677159691
8359712324890 8359.710449891
8359745614990 8359.743739991
8359778904690 8359.777029691
8359812193590 8359.810318591
8359845481090 8359.843606091
8359878772390 8359.876897391
8359912068490 8359.910193491
8359945349390 8359.943474391
8359978640190 8359.976765191
8360011968090 8360.010093091
8360045217590 8360.043342591
8360078508390 8360.076633391
8360111805090 8360.109930091
8360145108490 8360.143233491
8360178376390 8360.176501391
8360211664490 8360.209789491
8360244976690 8360.243101691
8360278242790 8360.276367791
8360311532690 8360.309657691
8360344823290 8360.342948291
8360378112290 8360.376237291
8360411400790 8360.409525791
8360444691490 8360.442816491
8360477981690 8360.476106691
8360511269190 8360.509394191
8360544559890 8360.542684891
8360577847990 8360.575972991
8360611138090 8360.609263091
8360644432290 8360.642557291
8360677724790 8360.675849791
8360711006190 8360.709131191
8360744303390 8360.742428391
8360777584290 8360.775709291
8360810874290 8360.808999291
8360844170390 8360.842295391
8360877452290 8360.875577291
8360910742890 8360.908867891
8360944035590 8360.942160591
8360977321290 8360.975446291
8361010611290 8361.008736291
8361043899590 8361.042024591
8361077189090 8361.075314091
8361110478890 8361.108603891
8361143767190 8361.141892191
8361177057190 8361.175182191
8361210347190 8361.208472191
8361243635090 8361.241760091
8361276925890 8361.275050891
8361310213890 8361.308338891
8361343504690 8361.341629691
8361376799690 8361.374924691
8361410082390 8361.408207391
8361443372590 8361.441497591
8361476666590 8361.474791591
8361509950390 8361.508075391
8361543240390 8361.541365391
8361576567690 8361.574692691
8361609818590 8361.607943591
8361643108790 8361.641233791
8361676436290 8361.674561291
8361709687690 8361.707812691
8361742977090 8361.741102091
8361776265190 8361.774390191
8361809559790 8361.807684791
8361842843990 8361.840968991
8361876133490 8361.874258491
8361909422990 8361.907547991
8361942713190 8361.940838191
8361976001190 8361.974126191
8362009293890 8362.007418891
8362042581490 8362.040706491
8362075871690 8362.073996691
8362109165890 8362.107290891
8362142448390 8362.140573391
8362175739690 8362.173864691
8362209033390 8362.207158391
8362242316990 8362.240441991
8362275606590 8362.273731591
8362308902690 8362.307027691
8362342185090 8362.340310091
8362375475590 8362.373600591
8362408772290 8362.406897291
8362442068890 8362.440193891
8362475343190 8362.473468191
8362508631890 8362.506756891
8362541925190 8362.540050191
8362575210590 8362.573335591
8362608499590 8362.606624591
8362641789690 8362.639914691
8362675080290 8362.673205291
8362708368190 8362.706493191
8362741658390 8362.739783391
8362774948690 8362.773073691
8362808235890 8362.806360891
8362841532290 8362.839657291
8362874814890 8362.872939891
8362908161690 8362.906286691
8362941414890 8362.939539891
8362974682790 8362.972807791
8363007973490 8363.006098491
8363041269790 8363.039394791
8363074550890 8363.072675891
8363107841290 8363.105966291
8363141138590 8363.139263591
8363174418990 8363.172543991
8363207709390 8363.205834391
8363240997890 8363.239122891
8363274288590 8363.272413591
8363307577390 8363.305702391
8363340866090 8363.338991091
8363374155990 8363.372280991
8363407446390 8363.405571391
8363440734190 8363.438859191
8363474024590 8363.472149591
8363507314190 8363.505439191
8363540602190 8363.538727191
8363573898090 8363.572023091
8363607181290 8363.605306291
8363640470990 8363.638595991
8363673766490 8363.671891491
8363707065490 8363.705190491
8363740339590 8363.738464591
8363773656890 8363.771781891
8363806917390 8363.805042391
8363840207590 8363.838332591
8363873522390 8363.871647391
8363906785290 8363.904910291
8363940075990 8363.938200991
8363973365990 8363.971490991
8364006654490 8364.004779491
8364039943690 8364.038068691
8364073232490 8364.071357491
8364106523490 8364.104648491
8364139811190 8364.137936191
8364173100290 8364.171225291
8364206390790 8364.204515791
8364239680190 8364.237805191
8364272968490 8364.271093491
8364306265790 8364.304390791
8364339548690 8364.337673691
8364372838290 8364.370963291
8364406133090 8364.404258091
8364439415290 8364.437540291
8364472706590 8364.470831591
8364506000590 8364.504125591
8364539283690 8364.537408691
8364572573890 8364.570698891
8364605870690 8364.603995691
8364639152090 8364.637277091
8364672442190 8364.670567191
8364705732590 8364.703857591
8364739030690 8364.737155691
8364772309290 8364.770434291
8364805598890 8364.803723891
8364838889390 8364.837014391
8364872177190 8364.870302191
8364905466890 8364.903591891
8364938756990 8364.936881991
8364972046390 8364.970171391
8365005335090 8365.003460091
8365038632190 8365.036757191
8365071915490 8365.070040491
8365105202590 8365.103327591
8365138499990 8365.136624991
8365171781990 8365.169906991
8365205092790 8365.203217791
8365238366290 8365.236491291
8365271649690 8365.269774691
8365304940690 8365.303065691
8365338236590 8365.336361591
8365371518090 8365.369643091
8365404808390 8365.402933391
8365438098590 8365.436223591
8365471386190 8365.469511191
8365504675790 8365.502800791
8365537964890 8365.536089891
8365571254990 8365.569379991
8365604547390 8365.602672391
8365637833190 8365.635958191
8365671123290 8365.669248291
8365704413590 8365.702538591
8365737701090 8365.735826091
8365770996890 8365.769121891
8365804281590 8365.802406591
8365837568590 8365.835693591
8365870865490 8365.868990491
8365904148290 8365.902273291
8365937437790 8365.935562791
8365970733590 8365.968858591
8366004016690 8366.002141691
8366037306590 8366.035431591
8366070623390 8366.068748391
8366103884190 8366.102009191
8366137174390 8366.135299391
8366170479690 8366.168604691
8366203752290 8366.201877291
8366237042590 8366.235167591
8366270332290 8366.268457291
8366303621390 8366.301746391
8366336911090 8366.335036091
8366370199190 8366.368324191
8366403489990 8366.401614991
8366436778590 8366.434903591
8366470067490 8366.468192491
8366503363290 8366.501488291
8366536681990 8366.534806991
8366569935090 8366.568060091
8366603232090 8366.601357091
8366636516390 8366.634641391
8366669805590 8366.667930591
8366703100490 8366.701225491
8366736382590 8366.734507591
8366769673690 8366.767798691
8366802960790 8366.801085791
8366836250290 8366.834375291
8366869540990 8366.867665991
8366902829590 8366.900954591
8366936118590 8366.934243591
8366969409190 8366.967534191
8367002698790 8367.000823791
8367035988390 8367.034113391
8367069277190 8367.067402191
8367102565590 8367.100690591
8367135858990 8367.133983991
8367169144290 8367.167269291
8367202433390 8367.200558391
8367235729090 8367.233854091
8367269013190 8367.267138191
8367302301690 8367.300426691
8367335597490 8367.333722491
8367368882190 8367.367007191
8367402169690 8367.400294691
8367435466290 8367.433591291
8367468748590 8367.466873591
8367502077590 8367.500202591
8367535331090 8367.533456091
8367568616590 8367.566741591
8367601907790 8367.600032791
8367635196390 8367.633321391
8367668484990 8367.666609991
8367701774990 8367.699899991
8367735065890 8367.733190891
8367768352690 8367.766477691
8367801643290 8367.799768291
8367834931690 8367.833056691
8367868222090 8367.866347091
8367901511690 8367.899636691
8367934799890 8367.932924891
8367968095590 8367.966220591
8368001380390 8367.999505391
8368034667690 8368.032792691
8368067964690 8368.066089691
8368101250490 8368.099375491
8368134535790 8368.132660791
8368167832490 8368.165957491
8368201121290 8368.199246291
8368234405290 8368.232530291
8368267708990 8368.265833991
8368300983290 8368.299108291
8368334273690 8368.332398691
8368367587690 8368.365712691
8368400851090 8368.398976091
8368434141090 8368.432266091
8368467435190 8368.465560191
8368500719790 8368.498844791
8368534009590 8368.532134591
8368567299490 8368.565424491
8368600588090 8368.598713091
8368633881790 8368.632006791
8368667166490 8368.665291491
8368700461790 8368.698586791
8368733745090 8368.731870091
8368767034490 8368.765159491
8368800330590 8368.798455591
8368833647190 8368.831772191
8368866902190 8368.865027191
8368900199190 8368.898324191
8368933482490 8368.931607491
8368966771790 8368.964896791
8369000067490 8368.998192491
8369033349590 8369.031474591
8369066640490 8369.064765491
8369099928190 8369.098053191
8369133217590 8369.131342591
8369166507690 8369.164632691
8369199796790 8369.197921791
8369233085690 8369.231210691
8369266375690 8369.264500691
8369299665690 8369.297790691
8369332955190 8369.331080191
8369366243990 8369.364368991
8369399545590 8369.397670591
8369432828990 8369.430953991
8369466111490 8369.464236491
8369499400790 8369.497525791
8369532696690 8369.530821691
8369565979890 8369.564104891
8369599268590 8369.597393591
8369632565190 8369.630690191
8369665849390 8369.663974391
8369699136990 8369.697261991
8369732433690 8369.730558691
8369765715290 8369.763840291
8369799035790 8369.797160791
8369832293690 8369.830418691
8369865583790 8369.863708791
8369898874290 8369.896999291
8369932163790 8369.930288791
8369965451690 8369.963576691
8369998742190 8369.996867191
8370032032490 8370.030157491
8370065319890 8370.063444891
8370098610190 8370.096735191
8370131898690 8370.130023691
8370165205890 8370.163330891
8370198477890 8370.196602891
8370231766690 8370.229891691
8370265062890 8370.263187891
8370298347490 8370.296472491
8370331635090 8370.329760091
8370364931590 8370.363056591
8370398214690 8370.396339691
8370431503390 8370.429628391
8370464799990 8370.462924991
8370498083490 8370.496208491
8370531375490 8370.529500491
8370564661890 8370.562786891
8370597949790 8370.596074791
8370631240090 8370.629365091
8370664547490 8370.662672491
8370697818090 8370.695943091
8370731108790 8370.729233791
8370764397090 8370.762522091
8370797685990 8370.795810991
8370830976790 8370.829101791
8370864266190 8370.862391191
8370897562490 8370.895687491
8370930844790 8370.928969791
8370964133190 8370.962258191
8370997429590 8370.995554591
8371030711390 8371.028836391
8371064001090 8371.062126091
8371097297690 8371.095422691
8371130632990 8371.128757991
8371163869090 8371.161994091
8371197165690 8371.195290691
8371230449090 8371.228574091
8371263738390 8371.261863391
8371297027690 8371.295152691
8371330316490 8371.328441491
8371363607190 8371.361732191
8371396894790 8371.395019791
8371430184090 8371.428309091
8371463474790 8371.461599791
8371496763990 8371.494888991
8371530052490 8371.528177491
8371563342690 8371.561467691
8371596632390 8371.594757391
8371629929290 8371.628054291
8371663211490 8371.661336491
8371696499690 8371.694624691
8371729795790 8371.727920791
8371763077890 8371.761202891
8371796367390 8371.794492391
8371829663590 8371.827788591
8371862948690 8371.861073691
8371896235490 8371.894360491
8371929532290 8371.927657291
8371962816690 8371.960941691
8371996125690 8371.994250691
8372029393690 8372.027518691
8372062685990 8372.060810991
8372095996990 8372.094121991
8372129260790 8372.127385791
8372162550190 8372.160675191
8372195841090 8372.193966091
8372229131490 8372.227256491
8372262418390 8372.260543391
8372295708690 8372.293833691
8372328999290 8372.327124291
8372362292490 8372.360417491
8372395576790 8372.393701791
8372428866790 8372.426991791
8372462160890 8372.460285891
8372495444990 8372.493569991
8372528733790 8372.526858791
8372562030390 8372.560155391
8372595314490 8372.593439491
8372628601690 8372.626726691
8372661898790 8372.660023791
8372695182490 8372.693307491
8372728469390 8372.726594391
8372761760090 8372.759885091
8372795066490 8372.793191491
8372828338690 8372.826463691
8372861627890 8372.859752891
8372894916590 8372.893041591
8372928207490 8372.926332491
8372961500390 8372.959625391
8372994784690 8372.992909691
8373028075290 8373.026200291
8373061364290 8373.059489291
8373094658990 8373.092783991
8373127943390 8373.126068391
8373161233090 8373.159358091
8373194528690 8373.192653691
8373227811890 8373.225936891
8373261099890 8373.259224891
8373294396290 8373.292521291
8373327678890 8373.325803891
8373360967890 8373.359092891
8373394265190 8373.392390191
8373427575990 8373.425700991
8373460836390 8373.458961391
8373494126490 8373.492251491
8373527416190 8373.525541191
8373560704790 8373.558829791
8373593994890 8373.592119891
8373627284890 8373.625409891
8373660574190 8373.658699191
8373693861790 8373.691986791
8373727151090 8373.725276091
8373760441390 8373.758566391
8373793730890 8373.791855891
8373827023490 8373.825148491
8373860309790 8373.858434791
8373893599190 8373.891724191
8373926895390 8373.925020391
8373960180890 8373.958305891
8373993466690 8373.991591691
8374026764290 8374.024889291
8374060044690 8374.058169691
8374093334390 8374.091459391
8374126631090 8374.124756091
8374159915090 8374.158040091
8374193202190 8374.191327191
8374226492690 8374.224617691
8374259782990 8374.257907991
8374293092790 8374.291217791
8374326360990 8374.324485991
8374359671290 8374.357796291
8374392955390 8374.391080391
8374426228390 8374.424353391
8374459517290 8374.457642291
8374492808090 8374.490933091
8374526096990 8374.524221991
8374559388990 8374.557513991
8374592675990 8374.590800991
8374625966190 8374.624091191
8374659258490 8374.657383491
8374692543990 8374.690668991
8374725832590 8374.723957591
8374759162290 8374.757287291
8374792410990 8374.790535991
8374825700390 8374.823825391
8374858997290 8374.857122291
8374892280690 8374.890405691
8374925568590 8374.923693591
8374958859290 8374.956984291
8374992149290 8374.990274291
8375025436490 8375.023561491
8375058727190 8375.056852191
8375092041390 8375.090166391
8375125306190 8375.123431191
8375158594890 8375.156719891
8375191883690 8375.190008691
8375225174490 8375.223299491
8375258463490 8375.256588491
8375291755690 8375.289880691
8375325041990 8375.323166991
8375358331590 8375.356456591
8375391625390 8375.389750391
8375424910590 8375.423035591
8375458200390 8375.456325391
8375491494990 8375.489619991
8375524778590 8375.522903591
8375558066390 8375.556191391
8375591363490 8375.589488491
8375624647190 8375.622772191
8375657934790 8375.656059791
8375691225290 8375.689350291
8375724533990 8375.722658991
8375757803190 8375.755928191
8375791093090 8375.789218091
8375824382790 8375.822507791
8375857685790 8375.855810791
8375890961990 8375.889086991
8375924250190 8375.922375191
8375957541190 8375.955666191
8375990828190 8375.988953191
8376024121890 8376.022246891
8376057408190 8376.055533191
8376090698990 8376.088823991
8376123991690 8376.122116691
8376157276290 8376.155401291
8376190567290 8376.188692291
8376223862690 8376.221987691
8376257144590 8376.255269591
8376290432990 8376.288557991
8376323731190 8376.321856191
8376357013290 8376.355138291
8376390300890 8376.388425891
8376423591590 8376.421716591
8376456880690 8376.455005691
8376490169490 8376.488294491
8376523459590 8376.521584591
8376556749790 8376.554874791
8376590056890 8376.588181891
8376623327690 8376.621452691
8376656616090 8376.654741091
8376689914990 8376.688039991
8376723194790 8376.721319791
8376756489590 8376.754614591
8376789774590 8376.787899591
8376823064090 8376.821189091
8376856358390 8376.854483391
8376889642390 8376.887767391
8376922932990 8376.921057991
8376956226290 8376.954351291
8376989511190 8376.987636191
8377022799490 8377.020924491
8377056128890 8377.054253891
8377089378290 8377.087503291
8377122667290 8377.120792291
8377155957790 8377.154082791
8377189248190 8377.187373191
8377222535590 8377.220660591
8377255826290 8377.253951291
8377289116290 8377.287241291
8377322403590 8377.320528591
8377355693790 8377.353818791
8377389010790 8377.387135791
8377422272690 8377.420397691
8377455561590 8377.453686591
8377488854690 8377.486979691
8377522141090 8377.520266091
8377555430690 8377.553555691
8377588724690 8377.586849691
8377622008790 8377.620133791
8377655298890 8377.653423891
8377688592290 8377.686717291
8377721877090 8377.720002091
8377755168890 8377.753293891
8377788462490 8377.786587491
8377821745390 8377.819870391
8377855033990 8377.853158991
8377888323890 8377.886448891
8377921612490 8377.919737491
8377954902090 8377.953027091
8377988192390 8377.986317391
8378021516590 8378.019641591
8378054769790 8378.052894791
8378088060490 8378.086185491
8378121350490 8378.119475491
8378154638990 8378.152763991
8378187928690 8378.186053691
8378221220690 8378.219345691
8378254507790 8378.252632791
8378287795690 8378.285920691
8378321090790 8378.319215791
8378354375390 8378.352500391
8378387664690 8378.385789691
8378420958990 8378.419083991
8378454243390 8378.452368391
8378487532990 8378.485657991
8378520833590 8378.518958591
8378554111090 8378.552236091
8378587400190 8378.585525191
8378620691590 8378.618816591
8378653978690 8378.652103691
8378687267990 8378.685392991
8378720558590 8378.718683591
8378753847690 8378.751972691
8378787135690 8378.785260691
8378820426790 8378.818551791
8378853716490 8378.851841491
8378887019190 8378.885144191
8378920295190 8378.918420191
8378953586690 8378.951711691
8378986878290 8378.985003291
8379020161390 8379.018286391
8379053456890 8379.051581891
8379086741490 8379.084866491
8379120030790 8379.118155791
8379153325490 8379.151450491
8379186609890 8379.184734891
8379219899790 8379.218024791
8379253193590 8379.251318591
8379286477690 8379.284602691
8379319766590 8379.317891591
8379353112190 8379.351237191
8379386344890 8379.384469891
8379419634290 8379.417759291
8379452924990 8379.451049991
8379486214090 8379.484339091
8379519502290 8379.517627291
8379552792990 8379.550917991
8379586082590 8379.584207591
8379619370890 8379.617495891
8379652664290 8379.650789291
8379685953290 8379.684078291
8379719239790 8379.717364791
8379752528390 8379.750653391
8379785823390 8379.783948391
8379819107990 8379.817232991
8379852397990 8379.850522991
8379885691390 8379.883816391
8379918977590 8379.917102591
8379952265590 8379.950390591
8379985559890 8379.983684891
8380018844290 8380.016969291
8380052133890 8380.050258891
8380085422290 8380.083547291
8380118712790 8380.116837791
8380152000490 8380.150125491
8380185290690 8380.183415691
8380218602190 8380.216727191
8380251868590 8380.249993591
8380285158890 8380.283283891
8380318479890 8380.316604891
8380351737190 8380.349862191
8380385026890 8380.383151891
8380418348890 8380.416473891
8380451605790 8380.449730791
8380484895590 8380.483020591
8380518189390 8380.516314391
8380551478590 8380.549603591
8380584762090 8380.582887091
8380618057690 8380.616182691
8380651342190 8380.649467191
8380684631290 8380.682756291
8380717925490 8380.716050491
8380751210490 8380.749335491
8380784499990 8380.782624991
8380817789890 8380.815914891
8380851078690 8380.849203691
8380884366990 8380.882491991
8380917658090 8380.915783091
8380950945890 8380.949070891
8380984234990 8380.982359991
8381017525390 8381.015650391
8381050814690 8381.048939691
8381084102890 8381.082227891
8381117393190 8381.115518191
8381150687090 8381.148812091
8381183975390 8381.182100391
8381217261690 8381.215386691
8381250555290 8381.248680291
8381283842490 8381.281967491
8381317128390 8381.315253391
8381350423890 8381.348548891
8381383708290 8381.381833291
8381416997790 8381.415122791
8381450292290 8381.448417291
8381483576690 8381.481701691
8381516867190 8381.514992191
8381550157190 8381.548282191
8381583444690 8381.581569691
8381616732890 8381.614857891
8381650023090 8381.648148091
8381683311590 8381.681436591
8381716601290 8381.714726291
8381749891290 8381.748016291
8381783182090 8381.781307091
8381816469590 8381.814594591
8381849760090 8381.847885091
8381883052990 8381.881177991
8381916338090 8381.914463091
8381949627890 8381.947752891
8381982950990 8381.981075991
8382016206190 8382.014331191
8382049496290 8382.047621291
8382082790390 8382.080915391
8382116074890 8382.114199891
8382149364590 8382.147489591
8382182658190 8382.180783191
8382215943290 8382.214068291
8382249232690 8382.247357691
8382282520190 8382.280645191
8382315814290 8382.313939291
8382349099390 8382.347224391
8382382389290 8382.380514291
8382415679290 8382.413804291
8382448967190 8382.447092191
8382482257990 8382.480382991
8382515569090 8382.513694091
8382548835190 8382.546960191
8382582126090 8382.580251091
8382615431690 8382.613556691
8382648703190 8382.646828191
8382681994290 8382.680119291
8382715317590 8382.713442591
8382748572690 8382.746697691
8382781862490 8382.779987491
8382815156490 8382.813281491
8382848440790 8382.846565791
8382881729090 8382.879854091
8382915024790 8382.913149791
8382948308890 8382.946433891
8382981632290 8382.979757291
8383014886290 8383.013011291
8383048177390 8383.046302391
8383081466590 8383.079591591
8383114759490 8383.112884491
8383148045590 8383.146170591
8383181333790 8383.179458791
8383214624990 8383.212749991
8383247912490 8383.246037491
8383281201790 8383.279326791
8383314492290 8383.312617291
8383347784290 8383.345909291
8383381069590 8383.379194591
8383414359990 8383.412484991
8383447656290 8383.445781291
8383480938690 8383.479063691
8383514228290 8383.512353291
8383547522490 8383.545647491
8383580807290 8383.578932291
8383614095790 8383.612220791
8383647391090 8383.645516091
8383680675290 8383.678800291
8383713965690 8383.712090691
8383747252690 8383.745377691
8383780543790 8383.778668791
8383813834090 8383.811959091
8383847124190 8383.845249191
8383880411190 8383.878536191
8383913699790 8383.911824791
8383947026790 8383.945151791
8383980278390 8383.978403391
8384013567990 8384.011692991
8384046858390 8384.044983391
8384080151590 8384.078276591
8384113435990 8384.111560991
8384146726790 8384.144851791
8384180023390 8384.178148391
8384213303690 8384.211428691
8384246594590 8384.244719591
8384279888990 8384.278013991
8384313172990 8384.311297991
8384346462990 8384.344587991
8384379757490 8384.377882491
8384413041990 8384.411166991
8384446331490 8384.444456491
8384479619190 8384.477744191
8384512909790 8384.511034791
8384546200290 8384.544325291
8384579487390 8384.577612391
8384612777790 8384.610902791
8384646066090 8384.644191091
8384679356390 8384.677481391
8384712646390 8384.710771391
8384745934490 8384.744059491
8384779224490 8384.777349491
8384812537490 8384.810662491
8384845802190 8384.843927191
8384879093090 8384.877218091
8384912389590 8384.910514591
8384945670090 8384.943795091
8384978961090 8384.977086091
8385012285190 8385.010410191
8385045541090 8385.043666091
8385078829590 8385.076954591
8385112123690 8385.110248691
8385145407490 8385.143532491
8385178696190 8385.176821191
8385211985490 8385.210110491
8385245275790 8385.243400791
8385278595790 8385.276720791
8385311853290 8385.309978291
8385345143790 8385.343268791
8385378433090 8385.376558091
8385411722990 8385.409847991
8385445011790 8385.443136791
8385478300490 8385.476425491
8385511592390 8385.509717391
8385544881990 8385.543006991
8385578168690 8385.576293691
8385611458590 8385.609583591
8385644755390 8385.642880391
8385678037390 8385.676162391
8385711326790 8385.709451791
8385744638990 8385.742763991
8385777905990 8385.776030991
8385811195190 8385.809320191
8385844489790 8385.842614791
8385877774490 8385.875899491
8385911062290 8385.909187291
8385944351790 8385.942476791
8385977641890 8385.975766891
8386010931590 8386.009056591
8386044220090 8386.042345091
8386077510290 8386.075635291
8386110800590 8386.108925591
8386144088490 8386.142213491
8386177378190 8386.175503191
8386210667290 8386.208792291
8386243991090 8386.242116091
8386277248190 8386.275373191
8386310534790 8386.308659791
8386343825590 8386.341950591
8386377120990 8386.375245991
8386410402590 8386.408527591
8386443693290 8386.441818291
8386476989890 8386.475114891
8386510270790 8386.508395791
8386543561390 8386.541686391
8386576855990 8386.574980991
8386610139890 8386.608264891
8386643429290 8386.641554291
8386676718190 8386.674843191
8386710008390 8386.708133391
8386743298490 8386.741423491
8386776585890 8386.774710891
8386809876590 8386.808001591
8386843166590 8386.841291591
8386876453990 8386.874578991
8386909743790 8386.907868791
8386943033190 8386.941158191
8386976322990 8386.974447991
8387009614790 8387.007739791
8387042900890 8387.041025891
8387076191490 8387.074316491
8387109498590 8387.107623591
8387142769290 8387.140894291
8387176059690 8387.174184691
8387209355190 8387.207480191
8387242637190 8387.240762191
8387275927790 8387.274052791
8387309255090 8387.307380091
8387342507890 8387.340632891
8387375796290 8387.373921291
8387409084290 8387.407209291
8387442374690 8387.440499691
8387475663090 8387.473788091
8387508952090 8387.507077091
8387542242490 8387.540367491
8387575580290 8387.573705291
8387608820590 8387.606945591
8387642114290 8387.640239291
8387675401490 8387.673526491
8387708689890 8387.706814891
8387741981090 8387.740106091
8387775267090 8387.773392091
8387808558690 8387.806683691
8387841851690 8387.839976691
8387875135490 8387.873260491
8387908425790 8387.906550791
8387941721190 8387.939846191
8387975003490 8387.973128491
8388008293690 8388.006418691
8388041589890 8388.039714891
8388074873990 8388.072998991
8388108161990 8388.106286991
8388141450590 8388.139575591
8388174740990 8388.172865991
8388208029390 8388.206154391
8388241318190 8388.239443191
8388274608990 8388.272733991
8388307898190 8388.306023191
8388341186790 8388.339311791
8388374477090 8388.372602091
8388407769690 8388.405894691
8388441084290 8388.439209291
8388474346790 8388.472471791
8388507633690 8388.505758691
8388540945590 8388.539070591
8388574217590 8388.572342591
8388607501690 8388.605626691
8388640792190 8388.638917191
8388674087890 8388.672212891
8388707369590 8388.705494591
8388740660590 8388.738785591
8388773961190 8388.772086191
8388807238190 8388.805363191
8388840528090 8388.838653091
8388873816690 8388.871941691
8388907106890 8388.905231891
8388940396190 8388.938521191
8388973684790 8388.971809791
8389006975190 8389.005100191
8389040265590 8389.038390591
8389073553190 8389.071678191
8389106843590 8389.104968591
8389140133890 8389.138258891
8389173420890 8389.171545891
8389206713490 8389.204838491
8389239999790 8389.238124791
8389273289790 8389.271414791
8389306584590 8389.304709591
8389339867890 8389.337992891
8389373158390 8389.371283391
8389406457790 8389.404582791
8389439735890 8389.437860891
8389473026590 8389.471151591
8389506322190 8389.504447191
8389539606890 8389.537731891
8389572894390 8389.571019391
8389606184390 8389.604309391
8389639472890 8389.637597891
8389672762490 8389.670887491
8389706050490 8389.704175491
8389739341490 8389.737466491
8389772629790 8389.770754791
8389805919090 8389.804044091
8389839209590 8389.837334591
8389872526390 8389.870651391
8389905786890 8389.903911891
8389939079790 8389.937204791
8389972367190 8389.970492191
8390005656390 8390.003781391
8390038951690 8390.037076691
8390072234190 8390.070359191
8390105525590 8390.103650591
8390138818690 8390.136943691
8390172102490 8390.170227491
8390205392790 8390.203517791
8390238688290 8390.236813291
8390271971290 8390.270096291
8390305260590 8390.303385591
8390338550590 8390.336675591
8390371839790 8390.369964791
8390405128990 8390.403253991
8390438417090 8390.436542091
8390471708090 8390.469833091
8390504995890 8390.503120891
8390538285190 8390.536410191
8390571575890 8390.569700891
8390604865190 8390.602990191
8390638153290 8390.636278291
8390671445690 8390.669570691
8390704734090 8390.702859091
8390738043690 8390.736168691
8390771317890 8390.769442891
8390804600690 8390.802725691
8390837907190 8390.836032191
8390871184490 8390.869309491
8390904468490 8390.902593491
8390937759090 8390.935884091
8390971054890 8390.969179891
8391004336690 8391.002461691
8391037626690 8391.035751691
8391070917290 8391.069042291
8391104205290 8391.102330291
8391137494990 8391.135619991
8391170783490 8391.168908491
8391204073590 8391.202198591
8391237362290 8391.235487291
8391270651390 8391.268776391
8391303941890 8391.302066891
8391337232090 8391.335357091
8391370519390 8391.368644391
8391403811690 8391.401936691
8391437103190 8391.435228191
8391470387690 8391.468512691
8391503683890 8391.501808891
8391536967190 8391.535092191
8391570256890 8391.568381891
8391603552190 8391.601677191
8391636834690 8391.634959691
8391670125190 8391.668250191
8391703420990 8391.701545991
8391736702990 8391.734827991
8391769993290 8391.768118291
8391803282890 8391.801407891
8391836570990 8391.834695991
8391869861590 8391.867986591
8391903151290 8391.901276291
8391936439990 8391.934564991
8391969729890 8391.967854891
8392003017790 8392.001142791
8392036308290 8392.034433291
8392069596990 8392.067721991
8392102886190 8392.101011191
8392136177990 8392.134302991
8392169486290 8392.167611291
8392202753590 8392.200878591
8392236050290 8392.234175291
8392269333190 8392.267458191
8392302623290 8392.300748291
8392335918290 8392.334043291
8392369201090 8392.367326091
8392402492590 8392.400617591
8392435785790 8392.433910791
8392469069290 8392.467194291
8392502359790 8392.500484791
8392535648590 8392.533773591
8392568936790 8392.567061791
8392602227090 8392.600352091
8392635517090 8392.633642091
8392668807290 8392.666932291
8392702096090 8392.700221091
8392735384490 8392.733509491
8392768675190 8392.766800191
8392801962590 8392.800087591
8392835252190 8392.833377191
8392868544290 8392.866669291
8392901831690 8392.899956691
8392935120490 8392.933245491
8392968417790 8392.966542791
8393001701290 8392.999826291
8393035011590 8393.033136591
8393068284590 8393.066409591
8393101567290 8393.099692291
8393134866590 8393.132991591
8393168152090 8393.166277091
8393201435790 8393.199560791
8393234725990 8393.232850991
8393268016190 8393.266141191
8393301303490 8393.299428491
8393334593690 8393.332718691
8393367883690 8393.366008691
8393401171590 8393.399296591
8393434461690 8393.432586691
8393467751590 8393.465876591
8393501040390 8393.499165391
8393534328990 8393.532453991
8393567618290 8393.565743291
8393600910390 8393.599035391
8393634199190 8393.632324191
8393667486890 8393.665611891
8393700782390 8393.698907391
8393734066990 8393.732191991
8393767354690 8393.765479691
8393800651390 8393.798776391
8393833936590 8393.832061591
8393867223790 8393.865348791
8393900519690 8393.898644691
8393933801590 8393.931926591
8393967091990 8393.965216991
8394000381390 8393.998506391
8394033669990 8394.031794991
8394066960090 8394.065085091
8394100272890 8394.098397891
8394133537790 8394.131662791
8394166828690 8394.164953691
8394200117590 8394.198242591
8394233407190 8394.231532191
8394266696290 8394.264821291
8394299984690 8394.298109691
8394333276190 8394.331401191
8394366563690 8394.364688691
8394399852990 8394.397977991
8394433148990 8394.431273991
8394466471090 8394.464596091
8394499720590 8394.497845591
8394533016790 8394.531141791
8394566300790 8394.564425791
8394599590090 8394.597715091
8394632885590 8394.631010591
8394666167690 8394.664292691
8394699459090 8394.697584091
8394732746590 8394.730871591
8394766036090 8394.764161091
8394799326490 8394.797451491
8394832615290 8394.830740291
8394865913290 8394.864038291
8394899194590 8394.897319591
8394932484090 8394.930609091
8394965773590 8394.963898591
8394999062790 8394.997187791
8395032350590 8395.030475591
8395065644690 8395.063769691
8395098929790 8395.097054791
8395132218890 8395.130343891
8395165515190 8395.163640191
8395198799790 8395.196924791
8395232087090 8395.230212091
8395265383790 8395.263508791
8395298668290 8395.296793291
8395331970990 8395.330095991
8395365252090 8395.363377091
8395398543390 8395.396668391
8395431828290 8395.429953291
8395465112790 8395.463237791
8395498402690 8395.496527691
8395531692290 8395.529817291
8395564982190 8395.563107191
8395598270490 8395.596395491
8395631563190 8395.629688191
8395664850690 8395.662975691
8395698137890 8395.696262891
8395731428890 8395.729553891
8395764717290 8395.762842291
8395798040790 8395.796165791
8395831295790 8395.829420791
8395864585490 8395.862710491
8395897881490 8395.896006491
8395931164890 8395.929289891
8395964453190 8395.962578191
8395997752790 8395.995877791
8396031034290 8396.029159291
8396064321490 8396.062446491
8396097618590 8396.095743591
8396130910890 8396.129035891
8396164190590 8396.162315591
8396197479590 8396.195604591
8396230768490 8396.228893491
8396264058990 8396.262183991
8396297348690 8396.295473691
8396330636290 8396.328761291
8396363926890 8396.362051891
8396397216690 8396.395341691
8396430504690 8396.428629691
8396463795190 8396.461920191
8396497084790 8396.495209791
8396530375290 8396.528500291
8396563663190 8396.561788191
8396596951390 8396.595076391
8396630247890 8396.628372891
8396663530090 8396.661655091
8396696819690 8396.694944691
8396730116090 8396.728241091
8396763432390 8396.761557391
8396796687290 8396.794812291
8396829984390 8396.828109391
8396863267790 8396.861392791
8396896556990 8396.894681991
8396929846590 8396.927971591
8396963134690 8396.961259691
8396996426990 8396.994551991
8397029713490 8397.027838491
8397063002790 8397.061127791
8397096293090 8397.094418091
8397129583490 8397.127708491
8397162870690 8397.160995691
8397196160790 8397.194285791
8397229451690 8397.227576691
8397262744990 8397.260869991
8397296029490 8397.294154491
8397329317890 8397.327442891
8397362616090 8397.360741091
8397395896690 8397.394021691
8397429185890 8397.427310891
8397462481990 8397.460606991
8397495765290 8397.493890291
8397529053990 8397.527178991
8397562351190 8397.560476191
8397595635990 8397.593760991
8397628932190 8397.627057191
8397662212890 8397.660337891
8397695500990 8397.693625991
8397728791490 8397.726916491
8397762079890 8397.760204891
8397795369190 8397.793494191
8397828659690 8397.826784691
8397861948990 8397.860073991
8397895240490 8397.893365491
8397928527190 8397.926652191
8397961817490 8397.959942491
8397995105890 8397.993230891
8398028395990 8398.026520991
8398061684090 8398.059809091
8398095029490 8398.093154491
8398128262990 8398.126387991
8398161552090 8398.159677091
8398194848090 8398.192973091
8398228133790 8398.226258791
8398261419990 8398.259544991
8398294717090 8398.292842091
8398328000990 8398.326125991
8398361287990 8398.359412991
8398394582890 8398.392707891
8398427879990 8398.426004991
8398461157690 8398.459282691
8398494446590 8398.492571591
8398527735390 8398.525860391
8398561026190 8398.559151191
8398594315490 8398.592440491
8398627603490 8398.625728491
8398660893790 8398.659018791
8398694183890 8398.692308891
8398727472290 8398.725597291
8398760762190 8398.758887191
8398794051590 8398.792176591
8398827346490 8398.825471491
8398860629690 8398.858754691
8398893918690 8398.892043691
8398927215290 8398.925340291
8398960519890 8398.958644891
8398993786590 8398.991911591
8399027082790 8399.025207791
8399060393490 8399.058518491
8399093655290 8399.091780291
8399126945190 8399.125070191
8399160234390 8399.158359391
8399193524090 8399.191649091
8399226813490 8399.224938491
8399260102890 8399.258227891
8399293392190 8399.291517191
8399326679990 8399.324804991
8399359969590 8399.358094591
8399393260290 8399.391385291
8399426549190 8399.424674191
8399459838390 8399.457963391
8399493127890 8399.491252891
8399526417590 8399.524542591
8399559714290 8399.557839291
8399592996090 8399.591121091
8399626284890 8399.624409891
8399659581990 8399.657706991
8399692863690 8399.690988691
8399726153290 8399.724278291
8399759449390 8399.757574391
8399792735790 8399.790860791
8399826020990 8399.824145991
8399859311390 8399.857436391
8399892601790 8399.890726791
8399925892190 8399.924017191
8399959179590 8399.957304591
8399992467490 8399.990592491
8400025758090 8400.023883091
8400059046590 8400.057171591
8400092335790 8400.090460791
8400125626390 8400.123751391
8400158915590 8400.157040591
8400192204590 8400.190329591
8400225493890 8400.223618891
8400258784890 8400.256909891
8400292079690 8400.290204691
8400325362790 8400.323487791
8400358651090 8400.356776091
8400391975690 8400.390100691
8400425229390 8400.423354391
8400458518990 8400.456643991
8400491815590 8400.489940591
8400525098590 8400.523223591
8400558387490 8400.556512491
8400591677490 8400.589802491
8400624967590 8400.623092591
8400658255390 8400.656380391
8400691546090 8400.689671091
8400724852890 8400.722977891
8400758124590 8400.756249591
8400791413790 8400.789538791
8400824701990 8400.822826991
8400857992290 8400.856117291
8400891282890 8400.889407891
8400924570790 8400.922695791
8400957860590 8400.955985591
8400991150190 8400.989275191
8401024444290 8401.022569291
8401057728190 8401.055853191
8401091018790 8401.089143791
8401124313590 8401.122438591
8401157596690 8401.155721691
8401190885390 8401.189010391
8401224182490 8401.222307491
8401257485790 8401.255610791
8401290753790 8401.288878791
8401324047390 8401.322172391
8401357355690 8401.355480691
8401390621990 8401.388746991
8401423911890 8401.422036891
8401457219090 8401.455344091
8401490490490 8401.488615491
8401523780090 8401.521905091
8401557068390 8401.555193391
8401590358790 8401.588483791
8401623647390 8401.621772391
8401656936890 8401.655061891
8401690229990 8401.688354991
8401723515990 8401.721640991
8401756809690 8401.754934691
8401790094790 8401.788219791
8401823384890 8401.821509891
8401856681090 8401.854806091
8401889963590 8401.888088591
8401923251690 8401.921376691
8401956550790 8401.954675791
8401989830390 8401.987955391
8402023119890 8402.021244891
8402056413690 8402.054538691
8402089699290 8402.087824291
8402122987890 8402.121112891
8402156278090 8402.154403091
8402189567590 8402.187692591
8402222856490 8402.220981491
8402256146290 8402.254271291
8402289435190 8402.287560191
8402322725790 8402.320850791
8402356013490 8402.354138491
8402389303090 8402.387428091
8402422593490 8402.420718491
8402455882490 8402.454007491
8402489176690 8402.487301691
8402522461290 8402.520586291
8402555751590 8402.553876591
8402589044890 8402.587169891
8402622330090 8402.620455091
8402655617990 8402.653742991
8402688937690 8402.687062691
8402722196390 8402.720321391
8402755485790 8402.753610791
8402788779790 8402.786904791
8402822067190 8402.820192191
8402855354090 8402.853479091
8402888644690 8402.886769691
8402921933690 8402.920058691
8402955222090 8402.953347091
8402988512290 8402.986637291
8403021825090 8403.019950091
8403055091090 8403.053216091
8403088380490 8403.086505491
8403121668990 8403.119793991
8403154959790 8403.153084791
8403188249190 8403.186374191
8403221546290 8403.219671291
8403254827790 8403.252952791
8403288118090 8403.286243091
8403321410590 8403.319535591
8403354695490 8403.352820491
8403387983990 8403.386108991
8403421280390 8403.419405391
8403454563490 8403.452688491
8403487852190 8403.485977191
8403521149390 8403.519274391
8403554453290 8403.552578291
8403587720190 8403.585845191
8403621010590 8403.619135591
8403654311690 8403.652436691
8403687588490 8403.685713491
8403720878990 8403.719003991
8403754191090 8403.752316091
8403787457490 8403.785582491
8403820747090 8403.818872091
8403854035290 8403.852160291
8403887325790 8403.885450791
8403920614690 8403.918739691
8403953908790 8403.952033791
8403987193990 8403.985318991
8404020522990 8404.018647991
8404053776790 8404.051901791
8404087061990 8404.085186991
8404120351390 8404.118476391
8404153647790 8404.151772791
8404186929690 8404.185054691
8404220218490 8404.218343491
8404253516690 8404.251641691
8404286796890 8404.284921891
8404320086690 8404.318211691
8404353376990 8404.351501991
8404386666490 8404.384791491
8404419954690 8404.418079691
8404453244790 8404.451369791
8404486534890 8404.484659891
8404519823990 8404.517948991
8404553113690 8404.551238691
8404586401990 8404.584526991
8404619692090 8404.617817091
8404652980390 8404.651105391
8404686275090 8404.684400091
8404719560590 8404.717685591
8404752850590 8404.750975591
8404786143490 8404.784268491
8404819427890 8404.817552891
8404852718990 8404.850843991
8404886012290 8404.884137291
8404919296590 8404.917421591
8404952585190 8404.950710191
8404985913190 8404.984038191
8405019163490 8405.017288491
8405052452590 8405.050577591
8405085743190 8405.083868191
8405119045890 8405.117170891
8405152320990 8405.150445991
8405185611490 8405.183736491
8405218903390 8405.217028391
8405252189090 8405.250314091
8405285479490 8405.283604491
8405318768090 8405.316893091
8405352058090 8405.350183091
8405385347690 8405.383472691
8405418641190 8405.416766191
8405451926690 8405.450051691
8405485216790 8405.483341791
8405518509590 8405.516634591
8405551796590 8405.549921591
8405585085090 8405.583210091
8405618378390 8405.616503391
8405651662990 8405.649787991
8405684951090 8405.683076091
8405718244390 8405.716369391
8405751530390 8405.749655391
8405784819290 8405.782944291
8405818109490 8405.816234491
8405851417590 8405.849542591
8405884687190 8405.882812191
8405917985490 8405.916110491
8405951274990 8405.949399991
8405984555290 8405.982680291
8406017845290 8406.015970291
8406051163690 8406.049288691
8406084424490 8406.082549491
8406117714290 8406.115839291
8406151007390 8406.149132391
8406184292590 8406.182417591
8406217580790 8406.215705791
8406250879790 8406.249004791
8406284160690 8406.282285691
8406317481490 8406.315606491
8406350744590 8406.348869591
8406384028990 8406.382153991
8406417318190 8406.415443191
8406450614590 8406.448739591
8406483897190 8406.482022191
8406517185690 8406.515310691
8406550476790 8406.548601791
8406583764190 8406.581889191
8406617053690 8406.615178691
8406650343790 8406.648468791
8406683634290 8406.681759291
8406716921990 8406.715046991
8406750212290 8406.748337291
8406783503090 8406.781628091
8406816791190 8406.814916191
8406850080590 8406.848205591
8406883373990 8406.881498991
8406916659390 8406.914784391
8406949947390 8406.948072391
8406983242090 8406.981367091
8407016529890 8407.014654891
8407049816290 8407.047941291
8407083110790 8407.081235791
8407116394990 8407.114519991
8407149685690 8407.147810691
8407182972890 8407.181097891
8407216263290 8407.214388291
8407249551690 8407.247676691
8407282876190 8407.281001191
8407316129990 8407.314254991
8407349419690 8407.347544691
8407382710090 8407.380835091
8407415999190 8407.414124191
8407449287790 8407.447412791
8407482578190 8407.480703191
8407515868890 8407.513993891
8407549156090 8407.547281091
8407582446390 8407.580571391
8407615740290 8407.613865291
8407649024690 8407.647149691
8407682314090 8407.680439091
8407715608690 8407.713733691
8407748893490 8407.747018491
8407782183390 8407.780308391
8407815477090 8407.813602091
8407848761390 8407.846886391
8407882051790 8407.880176791
8407915339190 8407.913464191
8407948629690 8407.946754691
8407981918190 8407.980043191
8408015207990 8408.013332991
8408048496990 8408.046621991
8408081785890 8408.079910891
8408115076690 8408.113201691
8408148383490 8408.146508491
8408181654190 8408.179779191
8408214944090 8408.213069091
8408248236690 8408.246361691
8408281521890 8408.279646891
8408314812490 8408.312937491
8408348135390 8408.346260391
8408381391290 8408.379516291
8408414680990 8408.412805991
8408447974590 8408.446099591
8408481259890 8408.479384891
8408514547590 8408.512672591
8408547843290 8408.545968291
8408581127990 8408.579252991
8408614471490 8408.612596491
8408647704990 8408.645829991
8408680995890 8408.679120891
8408714286390 8408.712411391
8408747574790 8408.745699791
8408780863690 8408.778988691
8408814152190 8408.812277191
8408847444090 8408.845569091
8408880730690 8408.878855691
8408914020390 8408.912145391
8408947310490 8408.945435491
8408980599990 8408.978724991
8409013888590 8409.012013591
8409047178790 8409.045303791
8409080473990 8409.078598991
8409113757890 8409.111882891
8409147046890 8409.145171891
8409180341190 8409.178466191
8409213627990 8409.211752991
8409246913690 8409.245038691
8409280209790 8409.278334791
8409313493690 8409.311618691
8409346782990 8409.344907991
8409380075090 8409.378200091
8409413362790 8409.411487791
8409446652990 8409.444777991
8409479940090 8409.478065091
8409513230090 8409.511355091
8409546518190 8409.544643191
8409579837990 8409.577962991
8409613097190 8409.611222191
8409646386890 8409.644511891
8409679680590 8409.677805591
8409712966490 8409.711091491
8409746254490 8409.744379491
8409779545290 8409.777670291
8409812840690 8409.810965691
8409846122790 8409.844247791
8409879413090 8409.877538091
8409912707990 8409.910832991
8409945991590 8409.944116591
8409979281090 8409.977406091
8410012575990 8410.010700991
8410045860090 8410.043985091
8410079150090 8410.077275091
8410112441190 8410.110566191
8410145728590 8410.143853591
8410179018590 8410.177143591
8410212306190 8410.210431191
8410245596190 8410.243721191
8410278884690 8410.277009691
8410312174690 8410.310299691
8410345464890 8410.343589891
8410378752890 8410.376877891
8410412043390 8410.410168391
8410445365090 8410.443490091
8410478621090 8410.476746091
8410511910790 8410.510035791
8410545206190 8410.543331191
8410578488590 8410.576613591
8410611779690 8410.609904691
8410645075490 8410.643200491
8410678360090 8410.676485091
8410711647890 8410.709772891
8410744942190 8410.743067191
8410778226790 8410.776351791
8410811514590 8410.809639591
8410844807290 8410.842932291
8410878094690 8410.876219691
8410911439690 8410.909564691
8410944671990 8410.942796991
8410977962490 8410.976087491
8411011252190 8411.009377191
8411044541390 8411.042666391
8411077830590 8411.075955591
8411111119090 8411.109244091
8411144410990 8411.142535991
8411177697490 8411.175822491
8411210987590 8411.209112591
8411244277190 8411.242402191
8411277571390 8411.275696391
8411310855290 8411.308980291
8411344145690 8411.342270691
8411377441490 8411.375566491
8411410724990 8411.408849991
8411444013690 8411.442138691
8411477308190 8411.475433191
8411510593890 8411.508718891
8411543881490 8411.542006491
8411577198990 8411.575323991
8411610461090 8411.608586091
8411643750290 8411.641875291
8411677038390 8411.675163391
8411710329090 8411.708454091
8411743619890 8411.741744891
8411776906490 8411.775031491
8411810197190 8411.808322191
8411843485290 8411.841610291
8411876802090 8411.874927091
8411910064190 8411.908189191
8411943353590 8411.941478591
8411976643690 8411.974768691
8412009938790 8412.008063791
8412043221490 8412.041346491
8412076511890 8412.074636891
8412109808790 8412.107933791
8412143089690 8412.141214691
8412176379890 8412.174504891
8412209675190 8412.207800191
8412242958590 8412.241083591
8412276247490 8412.274372491
8412309543090 8412.307668091
8412342826790 8412.340951791
8412376117190 8412.374242191
8412409405190 8412.407530191
8412442695390 8412.440820391
8412475984590 8412.474109591
8412509272690 8412.507397691
8412542563290 8412.540688291
8412575852690 8412.573977691
8412609141690 8412.607266691
8412642431790 8412.640556791
8412675719990 8412.673844991
8412709009790 8412.707134791
8412742313290 8412.740438291
8412775587790 8412.773712791
8412808878090 8412.807003091
8412842173790 8412.840298791
8412875455890 8412.873580891
8412908746190 8412.906871191
8412942070990 8412.940195991
8412975325290 8412.973450291
8413008614690 8413.006739691
8413041905890 8413.040030891
8413075193290 8413.073318291
8413108481390 8413.106606391
8413141770990 8413.139895991
8413175061490 8413.173186491
8413208381190 8413.206506191
8413241638990 8413.239763991
8413274929990 8413.273054991
8413308218890 8413.306343891
8413341508290 8413.339633291
8413374797490 8413.372922491
8413408086190 8413.406211191
8413441377590 8413.439502591
8413474671890 8413.472796891
8413507954190 8413.506079191
8413541244490 8413.539369491
8413574539690 8413.572664691
8413607821990 8413.605946991
8413641112990 8413.639237991
8413674408490 8413.672533491
8413707691490 8413.705816491
8413740980990 8413.739105991
8413774271990 8413.772396991
8413807560190 8413.805685191
8413840847790 8413.838972791
8413874137290 8413.872262291
8413907427590 8413.905552591
8413940716690 8413.938841691
8413974005390 8413.972130391
8414007295690 8414.005420691
8414040586090 8414.038711091
8414073902090 8414.072027091
8414107163990 8414.105288991
8414140452690 8414.138577691
8414173760790 8414.171885791
8414207034990 8414.205159991
8414240320690 8414.238445691
8414273610890 8414.271735891
8414306907490 8414.305032491
8414340188290 8414.338313291
8414373478390 8414.371603391
8414406774990 8414.404899991
8414440056590 8414.438181591
8414473346690 8414.471471691
8414506674290 8414.504799291
8414539925890 8414.538050891
8414573214690 8414.571339691
8414606503890 8414.604628891
8414639793890 8414.637918891
8414673084190 8414.671209191
8414706371990 8414.704496991
8414739661990 8414.737786991
8414772952590 8414.771077591
8414806239490 8414.804364491
8414839530190 8414.837655191
8414872818590 8414.870943591
8414906108490 8414.904233491
8414939401790 8414.937526791
8414972686890 8414.970811891
8415005976890 8415.004101891
8415039275690 8415.037400691
8415072554790 8415.070679791
8415105844590 8415.103969591
8415139141190 8415.137266191
8415172422790 8415.170547791
8415205713490 8415.203838491
8415239040290 8415.237165291
8415272291990 8415.270416991
8415305581690 8415.303706691
8415338869690 8415.336994691
8415372163190 8415.370288191
8415405447890 8415.403572891
8415438737890 8415.436862891
8415472027790 8415.470152791
8415505346490 8415.503471491
8415538605590 8415.536730591
8415571896590 8415.570021591
8415605185790 8415.603310791
8415638474890 8415.636599891
8415671768190 8415.669893191
8415705052890 8415.703177891
8415738344290 8415.736469291
8415771637190 8415.769762191
8415804920890 8415.803045891
8415838210790 8415.836335791
8415871506590 8415.869631591
8415904788990 8415.902913991
8415938079790 8415.936204791
8415971375790 8415.969500791
8416004658690 8416.002783691
8416037947490 8416.036072491
8416071235990 8416.069360991
8416104526590 8416.102651591
8416137814990 8416.135939991
8416171103990 8416.169228991
8416204394690 8416.202519691
8416237684690 8416.235809691
8416270972290 8416.269097291
8416304262490 8416.302387491
8416337553290 8416.335678291
8416370870490 8416.368995491
8416404134090 8416.402259091
8416437419190 8416.435544191
8416470727590 8416.468852591
8416504003290 8416.502128291
8416537287290 8416.535412291
8416570577090 8416.568702091
8416603873290 8416.601998291
8416637155390 8416.635280391
8416670445790 8416.668570791
8416703742890 8416.701867891
8416737022990 8416.735147991
8416770313890 8416.768438891
8416803601990 8416.801726991
8416836892790 8416.835017791
8416870181190 8416.868306191
8416903492890 8416.901617891
8416936760890 8416.934885891
8416970050890 8416.968175891
8417003338490 8417.001463491
8417036628890 8417.034753891
8417069919190 8417.068044191
8417103206490 8417.101331491
8417136500590 8417.134625591
8417169785690 8417.167910691
8417203075290 8417.201200291
8417236370490 8417.234495491
8417269653290 8417.267778291
8417302943690 8417.301068691
8417336240290 8417.334365291
8417369521490 8417.367646491
8417402812090 8417.400937091
8417436108090 8417.434233091
8417469389690 8417.467514691
8417502680190 8417.500805191
8417535969690 8417.534094691
8417569258690 8417.567383691
8417602548990 8417.600673991
8417635836590 8417.633961591
8417669127090 8417.667252091
8417702415390 8417.700540391
8417735704690 8417.733829691
8417768994890 8417.767119891
8417802311890 8417.800436891
8417835572290 8417.833697291
8417868866890 8417.866991891
8417902152790 8417.900277791
8417935442190 8417.933567191
8417968736490 8417.966861491
8418002019690 8418.000144691
8418035330390 8418.033455391
8418068604390 8418.066729391
8418101887690 8418.100012691
8418135177990 8418.133302991
8418168475290 8418.166600291
8418201756090 8418.199881091
8418235046290 8418.233171291
8418268337190 8418.266462191
8418301625590 8418.299750591
8418334914790 8418.333039791
8418368202790 8418.366327791
8418401493690 8418.399618691
8418434781590 8418.432906591
8418468071290 8418.466196291
8418501361390 8418.499486391
8418534650390 8418.532775391
8418567939390 8418.566064391
8418601232990 8418.599357991
8418634519990 8418.632644991
8418667830090 8418.665955091
8418701102990 8418.699227991
8418734385990 8418.732510991
8418767691890 8418.765816891
8418800972890 8418.799097891
8418834254090 8418.832379091
8418867544690 8418.865669691
8418900839790 8418.898964791
8418934122090 8418.932247091
8418967412690 8418.965537691
8419000703190 8418.998828191
8419033990290 8419.032115291
8419067280890 8419.065405891
8419100568790 8419.098693791
8419133859490 8419.131984491
8419167148090 8419.165273091
8419200437090 8419.198562091
8419233727390 8419.231852391
8419267017890 8419.265142891
8419300305190 8419.298430191
8419333599390 8419.331724391
8419366885890 8419.365010891
8419400173390 8419.398298391
8419433469390 8419.431594391
8419466752090 8419.464877091
8419500042190 8419.498167191
8419533338290 8419.531463291
8419566620490 8419.564745491
8419599910690 8419.598035691
8419633206390 8419.631331391
8419666488290 8419.664613291
8419699778890 8419.697903891
8419733068490 8419.731193491
8419766355990 8419.764480991
8419799646990 8419.797771991
8419832936590 8419.831061591
8419866225690 8419.864350691
8419899515490 8419.897640491
8419932803290 8419.930928291
8419966093690 8419.964218691
8419999382090 8419.997507091
8420032671590 8420.030796591
8420065965090 8420.064090091
8420099274190 8420.097399191
8420132539490 8420.130664491
8420165834990 8420.163959991
8420199125690 8420.197250691
8420232408790 8420.230533791
8420265704190 8420.263829191
8420298986790 8420.297111791
8420332277990 8420.330402991
8420365571790 8420.363696791
8420398854890 8420.396979891
8420432144990 8420.430269991
8420465434290 8420.463559291
8420498723090 8420.496848091
8420532013490 8420.530138491
8420565364590 8420.563489591
8420598591890 8420.596716891
8420631881590 8420.630006591
8420665169490 8420.663294491
8420698460790 8420.696585791
8420731748390 8420.729873391
8420765037590 8420.763162591
8420798331790 8420.796456791
8420831617290 8420.829742291
8420864905790 8420.863030791
8420898201790 8420.896326791
8420931490890 8420.929615891
8420964796590 8420.962921591
8420998070390 8420.996195391
8421031352890 8421.029477891
8421064655290 8421.062780291
8421097937990 8421.096062991
8421131220990 8421.129345991
8421164511390 8421.162636391
8421197800990 8421.195925991
8421231089190 8421.229214191
8421264379590 8421.262504591
8421297669690 8421.295794691
8421330956990 8421.329081991
8421364247590 8421.362372591
8421397536090 8421.395661091
8421430825890 8421.428950891
8421464133090 8421.462258091
8421497404090 8421.495529091
8421530697690 8421.528822691
8421563984790 8421.562109791
8421597272290 8421.595397291
8421630568590 8421.628693591
8421663852990 8421.661977991
8421697140290 8421.695265291
8421730435890 8421.728560891
8421763723590 8421.761848591
8421797009790 8421.795134791
8421830305890 8421.828430891
8421863587090 8421.861712091
8421896877590 8421.895002591
8421930166990 8421.928291991
8421963455190 8421.961580191
8421996745590 8421.994870591
8422030035590 8422.028160591
8422063323890 8422.061448891
8422096614090 8422.094739091
8422129903190 8422.128028191
8422163192390 8422.161317391
8422196482290 8422.194607291
8422229770290 8422.227895291
8422263064690 8422.261189691
8422296348790 8422.294473791
8422329638290 8422.327763291
8422362934790 8422.361059791
8422396255990 8422.394380991
8422429506490 8422.427631491
8422462802690 8422.460927691
8422496086790 8422.494211791
8422529375990 8422.527500991
8422562671790 8422.560796791
8422595953490 8422.594078491
8422629244690 8422.627369691
8422662532490 8422.660657491
8422695821390 8422.693946391
8422729112090 8422.727237091
8422762401090 8422.760526091
8422795689790 8422.793814791
8422828980490 8422.827105491
8422862269690 8422.860394691
8422895559290 8422.893684291
8422928848490 8422.926973491
8422962136390 8422.960261391
8422995431890 8422.993556891
8423028715390 8423.026840391
8423062004590 8423.060129591
8423095300890 8423.093425891
8423128584390 8423.126709391
8423161872790 8423.159997791
8423195168590 8423.193293591
8423228452890 8423.226577891
8423261760990 8423.259885991
8423295037490 8423.293162491
8423328319390 8423.326444391
8423361642090 8423.359767091
8423394898890 8423.393023891
8423428188190 8423.426313191
8423461478390 8423.459603391
8423494767890 8423.492892891
8423528055890 8423.526180891
8423561346290 8423.559471291
8423594636590 8423.592761591
8423627923990 8423.626048991
8423661214390 8423.659339391
8423694502890 8423.692627891
8423727828890 8423.725953891
8423761086790 8423.759211791
8423794371090 8423.792496091
8423827666990 8423.825791991
8423860952090 8423.859077091
8423894239190 8423.892364191
8423927534890 8423.925659891
8423960818790 8423.958943791
8423994107190 8423.992232191
8424027403690 8424.025528691
8424060687190 8424.058812191
8424093975890 8424.092100891
8424127265890 8424.125390891
8424160554290 8424.158679291
8424193844790 8424.191969791
8424227134090 8424.225259091
8424260422290 8424.258547291
8424293712790 8424.291837791
8424327002590 8424.325127591
8424360290190 8424.358415191
8424393580490 8424.391705491
8424426869990 8424.424994991
8424460164490 8424.458289491
8424493449190 8424.491574191
8424526750390 8424.524875391
8424560033590 8424.558158591
8424593315790 8424.591440791
8424626605390 8424.624730391
8424659900990 8424.658025991
8424693219590 8424.691344591
8424726473190 8424.724598191
8424759769590 8424.757894591
8424793053390 8424.791178391
8424826342290 8424.824467291
8424859632690 8424.857757691
8424892920190 8424.891045191
8424926211890 8424.924336891
8424959498990 8424.957623991
8424992788290 8424.990913291
8425026078890 8425.024203891
8425059368090 8425.057493091
8425092656690 8425.090781691
8425125947490 8425.124072491
