8717539819290 8717.535542340
8717573114590 8717.568837640
8717606396990 8717.602120040
8717639687190 8717.635410240
8717672977690 8717.668700740
8717706264790 8717.701987840
8717739553490 8717.735276540
8717772843490 8717.768566540
8717806133190 8717.801856240
8717839421390 8717.835144440
8717872711790 8717.868434840
8717906015390 8717.901738440
8717939289690 8717.935012740
8717972579790 8717.968302840
8718005889190 8718.001612240
8718039157390 8718.034880440
8718072448190 8718.068171240
8718105771090 8718.101494140
8718139026590 8718.134749640
8718172315590 8718.168038640
8718205610390 8718.201333440
8718238895090 8718.234618140
8718272183190 8718.267906240
8718305479190 8718.301202240
8718338763090 8718.334486140
8718372108590 8718.367831640
8718405347290 8718.401070340
8718438631090 8718.434354140
8718471920790 8718.467643840
8718505209990 8718.500933040
8718538499290 8718.534222340
8718571787790 8718.567510840
8718605078890 8718.600801940
8718638366990 8718.634090040
8718671655890 8718.667378940
8718704946290 8718.700669340
8718738235390 8718.733958440
8718771523990 8718.767247040
8718804814290 8718.800537340
8718838108890 8718.833831940
8718871394190 8718.867117240
8718904681890 8718.900404940
8718937976390 8718.933699440
8718971261590 8718.966984640
8719004549490 8719.000272540
8719037845490 8719.033568540
8719071129090 8719.066852140
8719104419490 8719.100142540
8719137713590 8719.133436640
8719170997590 8719.166720640
8719204288290 8719.200011340
8719237575390 8719.233298440
8719270865690 8719.266588740
8719304154090 8719.299877140
8719337476390 8719.333199440
8719370732690 8719.366455740
8719404025890 8719.399748940
8719437312590 8719.433035640
8719470601490 8719.466324540
8719503890090 8719.499613140
8719537180690 8719.532903740
8719570476790 8719.566199840
8719603758090 8719.599481140
8719637048190 8719.632771240
8719670343690 8719.666066740
8719703627990 8719.699351040
8719736916390 8719.732639440
8719770211190 8719.765934240
8719803495890 8719.799218940
8719836785690 8719.832508740
8719870079690 8719.865802740
8719903363990 8719.899087040
8719936654590 8719.932377640
8719969941790 8719.965664840
8720003231890 8719.998954940
8720036520290 8720.032243340
8720069810590 8720.065533640
8720103099990 8720.098823040
8720136388890 8720.132111940
8720169679090 8720.165402140
8720202988090 8720.198711140
8720236256690 8720.231979740
8720269547190 8720.265270240
8720302844190 8720.298567240
8720336124790 8720.331847840
8720369414590 8720.365137640
8720402738790 8720.398461840
8720435993890 8720.431716940
8720469282890 8720.465005940
8720502577790 8720.498300840
8720535863490 8720.531586540
8720569150390 8720.564873440
8720602446090 8720.598169140
8720635730290 8720.631453340
8720669075990 8720.664799040
8720702307690 8720.698030740
8720735598490 8720.731321540
8720768887690 8720.764610740
8720802177290 8720.797900340
8720835466790 8720.831189840
8720868754590 8720.864477640
8720902046490 8720.897769540
8720935344190 8720.931067240
8720968622990 8720.964346040
8721001913490 8720.997636540
8721035208190 8721.030931240
8721068490790 8721.064213840
8721101781090 8721.097504140
8721135078690 8721.130801740
8721168360290 8721.164083340
8721201649290 8721.197372340
8721234944590 8721.230667640
8721268228790 8721.263951840
8721301520090 8721.297243140
8721334812590 8721.330535640
8721368096590 8721.363819640
8721401385590 8721.397108640
8721434674290 8721.430397340
8721467964790 8721.463687840
8721501254590 8721.496977640
8721534541990 8721.530265040
8721567832690 8721.563555740
8721601121190 8721.596844240
8721634449890 8721.630172940
8721667700090 8721.663423140
8721700989190 8721.696712240
8721734279690 8721.730002740
8721767574190 8721.763297240
8721800857190 8721.796580240
8721834147290 8721.829870340
8721867444690 8721.863167740
8721900725590 8721.896448640
8721934015290 8721.929738340
8721967310690 8721.963033740
8722000593890 8721.996316940
8722033883790 8722.029606840
8722067179290 8722.062902340
8722100462890 8722.096185940
8722133752490 8722.129475540
8722167041090 8722.162764140
8722200331190 8722.196054240
8722233621290 8722.229344340
8722266908690 8722.262631740
8722300199490 8722.295922540
8722333487390 8722.329210440
8722366777490 8722.362500540
8722400067790 8722.395790840
8722433355690 8722.429078740
8722466645890 8722.462368940
8722499960690 8722.495683740
8722533223690 8722.528946740
8722566514490 8722.562237540
8722599815390 8722.595538440
8722633091590 8722.628814640
8722666381990 8722.662105040
8722699706590 8722.695429640
8722732960990 8722.728684040
8722766250590 8722.761973640
8722799544890 8722.795267940
8722832829690 8722.828552740
8722866117390 8722.861840440
8722899407190 8722.895130240
8722932697290 8722.928420340
8722966021590 8722.961744640
8722999274490 8722.994997540
8723032565590 8723.028288640
8723065855590 8723.061578640
8723099148390 8723.094871440
8723132433290 8723.128156340
8723165721990 8723.161445040
8723199016290 8723.194739340
8723232304690 8723.228027740
8723265590390 8723.261313440
8723298879990 8723.294603040
8723332175290 8723.327898340
8723365458390 8723.361181440
8723398748490 8723.394471540
8723432044490 8723.427767540
8723465326490 8723.461049540
8723498616490 8723.494339540
8723531911390 8723.527634440
8723565195590 8723.560918640
8723598483990 8723.594207040
8723631773490 8723.627496540
8723665063190 8723.660786240
8723698352290 8723.694075340
8723731641090 8723.727364140
8723764932190 8723.760655240
8723798222190 8723.793945240
8723831509190 8723.827232240
8723864799790 8723.860522840
8723898088390 8723.893811440
8723931398390 8723.927121440
8723964670690 8723.960393740
8723997956390 8723.993679440
8724031246390 8724.026969440
8724064542490 8724.060265540
8724097824290 8724.093547340
8724131114790 8724.126837840
8724164411290 8724.160134340
8724197692390 8724.193415440
8724230982290 8724.226705340
8724264277590 8724.260000640
8724297561990 8724.293285040
8724330851390 8724.326574440
8724364139190 8724.359862240
8724397429890 8724.393152940
8724430719890 8724.426442940
8724464007390 8724.459730440
8724497298190 8724.493021240
8724530587890 8724.526310940
8724563875390 8724.559598440
8724597165990 8724.592889040
8724630454490 8724.626177540
8724663744290 8724.659467340
8724697038090 8724.692761140
8724730322890 8724.726045940
8724763612790 8724.759335840
8724796929490 8724.792652540
8724830190790 8724.825913840
8724863480690 8724.859203740
8724896791190 8724.892514240
8724930058790 8724.925781840
8724963349090 8724.959072140
8724996645390 8724.992368440
8725029927790 8725.025650840
8725063217490 8725.058940540
8725096508690 8725.092231740
8725129795790 8725.125518840
8725163084690 8725.158807740
8725196373990 8725.192097040
8725229664290 8725.225387340
8725262953590 8725.258676640
8725296241790 8725.291964840
8725329532190 8725.325255240
8725362821890 8725.358544940
8725396111890 8725.391834940
8725429404190 8725.425127240
8725462688590 8725.458411640
8725495980290 8725.491703340
8725529273490 8725.524996540
8725562556790 8725.558279840
8725595847290 8725.591570340
8725629142790 8725.624865840
8725662425090 8725.658148140
8725695715390 8725.691438440
8725729011690 8725.724734740
8725762302190 8725.758025240
8725795583790 8725.791306840
8725828872090 8725.824595140
8725862178790 8725.857901840
8725895450890 8725.891173940
8725928739990 8725.924463040
8725962030590 8725.957753640
8725995320090 8725.991043140
8726028608390 8726.024331440
8726061898790 8726.057621840
8726095188990 8726.090912040
8726128476390 8726.124199440
8726161769890 8726.157492940
8726195055490 8726.190778540
8726228402990 8726.224126040
8726261639990 8726.257363040
8726294923090 8726.290646140
8726328213490 8726.323936540
8726361508990 8726.357232040
8726394791390 8726.390514440
8726428081890 8726.423804940
8726461378490 8726.457101540
8726494659590 8726.490382640
8726527949790 8726.523672840
8726561238790 8726.556961840
8726594528790 8726.590251840
8726627818390 8726.623541440
8726661106190 8726.656829240
8726694397090 8726.690120140
8726727686690 8726.723409740
8726760974690 8726.756697740
8726794265290 8726.789988340
8726827554290 8726.823277340
8726860842490 8726.856565540
8726894136790 8726.889859840
8726927422590 8726.923145640
8726960711590 8726.956434640
8726994010890 8726.989733940
8727027289690 8727.023012740
8727060580490 8727.056303540
8727093896590 8727.089619640
8727127157790 8727.122880840
8727160447890 8727.156170940
8727193768390 8727.189491440
8727227025990 8727.222749040
8727260315890 8727.256038940
8727293605990 8727.289329040
8727326894590 8727.322617640
8727360184390 8727.355907440
8727393472890 8727.389195940
8727426763790 8727.422486840
8727460051290 8727.455774340
8727493340490 8727.489063540
8727526630990 8727.522354040
8727559920790 8727.555643840
8727593208990 8727.588932040
8727626502690 8727.622225740
8727659788890 8727.655511940
8727693078790 8727.688801840
8727726373590 8727.722096640
8727759655590 8727.755378640
8727792946990 8727.788670040
8727826239590 8727.821962640
8727859523690 8727.855246740
8727892814290 8727.888537340
8727926109890 8727.921832940
8727959391790 8727.955114840
8727992682190 8727.988405240
8728025972090 8728.021695140
8728059278790 8728.055001840
8728092550390 8728.088273440
8728125838690 8728.121561740
8728159136490 8728.154859540
8728192417690 8728.188140740
8728225707390 8728.221430440
8728258997790 8728.254720840
8728292286990 8728.288010040
8728325574890 8728.321297940
8728358868290 8728.354591340
8728392156090 8728.387879140
8728425443090 8728.421166140
8728458739790 8728.454462840
8728492022290 8728.487745340
8728525350890 8728.521073940
8728558607090 8728.554330140
8728591890290 8728.587613340
8728625180690 8728.620903740
8728658477890 8728.654200940
8728691758290 8728.687481340
8728725048390 8728.720771440
8728758337890 8728.754060940
8728791626590 8728.787349640
8728824916590 8728.820639640
8728858206290 8728.853929340
8728891495590 8728.887218640
8728924785890 8728.920508940
8728958073390 8728.953796440
8728991364090 8728.987087140
8729024653390 8729.020376440
8729057941590 8729.053664640
8729091234690 8729.086957740
8729124521890 8729.120244940
8729157809490 8729.153532540
8729191105790 8729.186828840
8729224388490 8729.220111540
8729257678790 8729.253401840
8729290981290 8729.286704340
8729324257190 8729.319980240
8729357547090 8729.353270140
8729390841790 8729.386564840
8729424124390 8729.419847440
8729457414590 8729.453137640
8729490744090 8729.486467140
8729523992890 8729.519715940
8729557283190 8729.553006240
8729590572890 8729.586295940
8729623861590 8729.619584640
8729657151390 8729.652874440
8729690439590 8729.686162640
8729723730990 8729.719454040
8729757018890 8729.752741940
8729790307890 8729.786030940
8729823600890 8729.819323940
8729856887390 8729.852610440
8729890175690 8729.885898740
8729923472290 8729.919195340
8729956755790 8729.952478840
8729990045690 8729.985768740
8730023339890 8730.019062940
8730056622890 8730.052345940
8730089913990 8730.085637040
8730123208290 8730.118931340
8730156491290 8730.152214340
8730189780790 8730.185503840
8730223070190 8730.218793240
8730256359190 8730.252082240
8730289649690 8730.285372740
8730322939890 8730.318662940
8730356249390 8730.351972440
8730389517490 8730.385240540
8730422808290 8730.418531340
8730456110690 8730.451833740
8730489384590 8730.485107640
8730522674090 8730.518397140
8730555967190 8730.551690240
8730589254590 8730.584977640
8730622542190 8730.618265240
8730655838290 8730.651561340
8730689124390 8730.684847440
8730722410190 8730.718133240
8730755706790 8730.751429840
8730788993590 8730.784716640
8730822313290 8730.818036340
8730855574090 8730.851297140
8730888857390 8730.884580440
8730922147590 8730.917870640
8730955437890 8730.951160940
8730988724890 8730.984447940
8731022015690 8731.017738740
8731055305990 8731.051029040
8731088593490 8731.084316540
8731121884090 8731.117607140
8731155172090 8731.150895140
8731188464490 8731.184187540
8731221752490 8731.217475540
8731255040590 8731.250763640
8731288333590 8731.284056640
8731321619690 8731.317342740
8731354908390 8731.350631440
8731388204590 8731.383927640
8731421488190 8731.417211240
8731454776690 8731.450499740
8731488072590 8731.483795640
8731521360190 8731.517083240
8731554648890 8731.550371940
8731587941090 8731.583664140
8731621223890 8731.616946940
8731654513590 8731.650236640
8731687802190 8731.683525240
8731721091390 8731.716814440
8731754381890 8731.750104940
8731787698490 8731.783421540
8731820959690 8731.816682740
8731854250390 8731.849973440
8731887539890 8731.883262940
8731920829890 8731.916552940
8731954118190 8731.949841240
8731987406890 8731.983129940
8732020701590 8732.016424640
8732053984990 8732.049708040
8732087274790 8732.082997840
8732120571090 8732.116294140
8732153854690 8732.149577740
8732187142690 8732.182865740
8732220439090 8732.216162140
8732253722590 8732.249445640
8732287012590 8732.282735640
8732320325790 8732.316048840
8732353589990 8732.349313040
8732386880890 8732.382603940
8732420168290 8732.415891340
8732453457790 8732.449180840
8732486747890 8732.482470940
8732520038990 8732.515762040
8732553325690 8732.549048740
8732586616490 8732.582339540
8732619907090 8732.615630140
8732653216690 8732.648939740
8732686484790 8732.682207840
8732719772890 8732.715495940
8732753085090 8732.748808140
8732786352090 8732.782075140
8732819640790 8732.815363840
8732852937090 8732.848660140
8732886220490 8732.881943540
8732919509490 8732.915232540
8732952805190 8732.948528240
8732986090090 8732.981813140
8733019377190 8733.015100240
8733052673690 8733.048396740
8733085956190 8733.081679240
8733119246190 8733.114969240
8733152534690 8733.148257740
8733185824090 8733.181547140
8733219114690 8733.214837740
8733252404890 8733.248127940
8733285692290 8733.281415340
8733318982590 8733.314705640
8733352272990 8733.347996040
8733385560290 8733.381283340
8733418851090 8733.414574140
8733452142690 8733.447865740
8733485431790 8733.481154840
8733518719590 8733.514442640
8733552007590 8733.547730640
8733585303790 8733.581026840
8733618592490 8733.614315540
8733651875290 8733.647598340
8733685171190 8733.680894240
8733718455590 8733.714178640
8733751743790 8733.747466840
8733785039990 8733.780763040
8733818331590 8733.814054640
8733851619790 8733.847342840
8733884901890 8733.880624940
8733918190390 8733.913913440
8733951480790 8733.947203840
8733984768990 8733.980492040
8734018058790 8734.013781840
8734051349090 8734.047072140
8734084672390 8734.080395440
8734117926090 8734.113649140
8734151217190 8734.146940240
8734184506390 8734.180229440
8734217798390 8734.213521440
8734251084990 8734.246808040
8734284373690 8734.280096740
8734317670690 8734.313393740
8734350952290 8734.346675340
8734384242090 8734.379965140
8734417537890 8734.413260940
8734450822690 8734.446545740
8734484110090 8734.479833140
8734517406590 8734.513129640
8734550690790 8734.546413840
8734583979590 8734.579702640
8734617268490 8734.612991540
8734650556990 8734.646280040
8734683847590 8734.679570640
8734717135290 8734.712858340
8734750424790 8734.746147840
8734783714890 8734.779437940
8734817004490 8734.812727540
8734850292790 8734.846015840
8734883583090 8734.879306140
8734916873590 8734.912596640
8734950186090 8734.945909140
8734983454290 8734.979177340
8735016739390 8735.012462440
8735050056390 8735.045779440
8735083318890 8735.079041940
8735116608290 8735.112331340
8735149904290 8735.145627340
8735183187790 8735.178910840
8735216475990 8735.212199040
8735249772990 8735.245496040
8735283057190 8735.278780240
8735316344290 8735.312067340
8735349634890 8735.345357940
8735382923190 8735.378646240
8735416213490 8735.411936540
8735449501390 8735.445224440
8735482791590 8735.478514640
8735516081790 8735.511804840
8735549371690 8735.545094740
8735582658990 8735.578382040
8735615949190 8735.611672240
8735649239690 8735.644962740
8735682531290 8735.678254340
8735715818090 8735.711541140
8735749106290 8735.744829340
8735782401990 8735.778125040
8735815686590 8735.811409640
8735848974290 8735.844697340
8735882270990 8735.877994040
8735915566690 8735.911289740
8735948842490 8735.944565540
8735982139090 8735.977862140
8736015421790 8736.011144840
8736048710490 8736.044433540
8736082000590 8736.077723640
8736115308090 8736.111031140
8736148579290 8736.144302340
8736181868390 8736.177591440
8736215157590 8736.210880640
8736248448090 8736.244171140
8736281735890 8736.277458940
8736315024990 8736.310748040
8736348315690 8736.344038740
8736381660690 8736.377383740
8736414894990 8736.410618040
8736448184090 8736.443907140
8736481474890 8736.477197940
8736514769290 8736.510492340
8736548052290 8736.543775340
8736581340490 8736.577063540
8736614638490 8736.610361540
8736647919190 8736.643642240
8736681208590 8736.676931640
8736714505890 8736.710228940
8736747788090 8736.743511140
8736781076390 8736.776799440
8736814367090 8736.810090140
8736847656690 8736.843379740
8736880960290 8736.876683340
8736914235490 8736.909958540
8736947523790 8736.943246840
8736980814790 8736.976537840
8737014102190 8737.009825240
8737047391790 8737.043114840
8737080682290 8737.076405340
8737113971490 8737.109694540
8737147261690 8737.142984740
8737180550290 8737.176273340
8737213840590 8737.209563640
